[individuals]
29
[landmarks]
90
[dimensions]
3
[names]
PT_0004182_M
PT_0003956_M
PT_0008548_M_SAC_LO
PT_0000845_F_SAC_LO
PT_0004387_F_SAC_LO
PT_0000867_F_SAC_LO
PT_0010280_F_SAC_LO
PT_0000452_M_SAC_LO
PT_0000660_M_SAC_LO
PT_0000496_F
PT_AS_1810_M_SAC_LO
PT_AS_1595_M
PT_0256973_M_SAC_LO
PT_0236971_F_SAC_LO
PT_0220062_F
PT_0008620_M_SAC_LO
PT_0006876_M
PT_0005920_M_SAC_LO
PT_0004002_F
PT_0004001_F
PT_0003105_M
PT_0003081_F
PT_0176227_F
PT_0010913_F
PT_0003990_F
PT_0220064_F
PT_0010824_F
PT_0220326_M
PT_0003991_F
[labels]
sex
[labelvalues]
M
M
M
F
F
F
F
M
M
F
M
M
M
F
F
M
M
M
F
F
M
F
F
F
F
F
F
M
F
[rawpoints]	
'PT_0004182_M		
-47.1561065	88.95837209	-48.15753254
-42.89384155	65.98937378	-34.25618286
-57.28959351	7.348358917	9.834902954
-11.28595657	-31.14127808	65.40637817
-11.36732483	-76.85076294	58.93582764
-47.77591858	127.266272	-98.07033691
-38.39231873	39.98833618	-52.09761353
-46.03516808	29.17509583	-41.20141572
-58.12680664	5.356405258	-20.31965637
-51.59974365	-33.47268372	-15.78248901
-145.8657959	91.57701416	-35.76537781
-87.80091553	35.1759613	-11.04394531
-87.05795288	29.68625793	-8.279458618
-84.77023926	-9.168818665	8.844101715
-78.40361328	-49.06739807	11.06601028
-70.82081075	-28.34552473	29.34209076
-79.98619037	-29.31409369	-7.761076923
-58.38240967	-31.72451477	13.02768097
-70.85621652	-44.1779574	20.40026487
-51.76804352	-48.3118248	-15.03569031
-48.52859802	-83.80708618	27.50362244
-30.26182212	-70.08615187	48.42430078
-83.49179077	-98.56167603	-4.665807724
-66.74501343	-100.3792297	-8.193727875
-85.08592529	-103.9699219	11.19369049
-70.17279053	-115.3811401	12.20537567
25.09997597	90.90141511	-48.28383085
18.82667847	63.47965088	-33.2895813
34.9	4.825230789	8.600539398
-6.691347504	-30.14282532	65.86086426
-8.579068046	-77.34384862	57.51299096
22.29978638	129.4371948	-100.5596802
11.1500854	41.32650562	-50.78425605
18.56436157	30.93825989	-41.72749329
32.68757019	7.966101074	-23.28603821
25.41930237	-34.31582336	-18.84762878
118.3265015	86.00613403	-43.75962524
63.01305542	33.29464111	-15.77554932
63.23707796	28.67675145	-12.60695608
62.94920044	-9.948413086	4.908100128
54.29485474	-50.76159668	3.562493134
49.155896	-30.4208313	23.98640594
53.80227051	-32.05947571	-14.41496887
34.55834961	-31.85814209	5.70006752
47.54689941	-45.58353882	14.49028625
33.28666382	-41.90262451	26.15322876
24.56653976	-48.12717819	-18.7024231
8.428239441	-73.25280762	46.46531372
54.15668928	-100.3554995	-11.91573346
36.29438171	-101.830896	-12.95747681
59.5815918	-101.1965698	2.246339417
43.35867004	-115.4551514	5.393956757
-52.93425903	33.49891663	-14.00704651
-51.98688354	-10.07932434	26.71976624
-45.76094666	-18.16901398	36.99610596
-37.59113159	-26.40276184	49.17627869
-28.70605774	-30.13007813	58.0904541
-48.53944092	135.6487183	-99.05454102
-52.89885864	139.3979126	-98.31873169
-61.11638794	142.869873	-95.95836792
-77.59161377	144.8332642	-93.78257446
-98.02466431	144.7977905	-89.59501343
-116.0432983	142.131189	-82.23787842
-128.9714844	134.6503784	-68.97186279
-140.4683716	124.5015137	-56.21480103
-146.0341919	110.9394775	-44.80327148
-49.47044373	27.90015869	-35.05482788
-54.91172485	19.64251099	-27.23206177
-56.73378296	-9.842632294	-17.48819122
-53.95253906	-22.67989807	-16.14508972
-51.80216675	-32.2313446	-15.55633698
27.49063721	34.85798035	-16.54210052
32.21723022	-9.546820831	22.74787598
25.95253296	-20.4227066	36.8926239
18.9607132	-27.57115479	47.87206726
9.576262665	-30.71787415	57.69367676
22.53865204	137.6026855	-100.0200134
26.71540833	142.5742676	-98.2020874
36.82463684	146.5819824	-95.46931152
54.13304443	149.4195313	-93.06690063
74.1810791	148.8969971	-89.82373657
92.34714355	144.939563	-83.25459595
106.8525391	135.606543	-72.42249756
117.5200562	123.550415	-60.58500366
122.6047485	108.2285645	-50.43712463
23.93434448	29.76325684	-36.91308289
30.12131653	20.26533813	-28.83980408
30.95391541	-9.064182281	-19.71771088
28.24066467	-22.52981873	-19.31130981
25.65214539	-31.5565979	-18.26309509
'PT_0003956_M		
-31.62037354	69.85028076	-36.00130005
-30.12597351	44.79633789	-25.1331955
-42.80652771	-9.410056305	11.35163651
3.799946859	-42.49976984	56.35662341
3.094026947	-87.2829895	43.18626709
-28.48276978	95.25392456	-76.93285522
-20.82546692	33.24068604	-40.71702576
-29.54640503	21.75984192	-33.11134949
-40.89689331	-2.600692368	-18.16429596
-38.6367981	-37.68043823	-17.2297287
-117.5892944	68.35752563	-31.39573975
-68.99234619	18.1031723	-13.13458405
-68.79940186	13.34245758	-9.706015015
-64.88781738	-21.80522003	12.28843079
-56.15418091	-55.90629272	4.552824783
-49.74922485	-41.83890991	24.82446594
-59.63167725	-35.0785553	-9.038941956
-41.20279236	-36.51613464	7.064191437
-50.34927063	-53.2864624	13.94962921
-34.52720261	-55.12519455	-15.53457642
-32.31395264	-90.81682739	14.85157166
-10.11049715	-77.93035436	39.19652627
-54.07601929	-100.220813	-14.64093628
-37.44879733	-108.5570722	-5.920007337
-60.08212876	-109.4366336	5.306528983
-46.44609985	-113.7951294	5.945259857
30.98407593	72.08463745	-39.32526245
31.61432317	43.11414518	-25.72562036
50.23374023	-5.651652908	6.540707397
6.059343338	-42.68267212	55.47164917
6.682923889	-87.81773071	43.4808075
27.99322205	96.94470215	-74.97193604
22.23043436	37.17240441	-42.06992539
31.73151829	24.90707958	-35.33816665
47.4842865	-1.823991776	-18.96649933
46.82545471	-38.27379761	-17.46992035
117.0528442	69.61365356	-28.85138855
72.75080566	18.10379333	-12.1322876
73.40115967	11.487043	-8.329450226
73.03235474	-22.14087982	9.756388855
66.17980347	-56.84100952	3.207674026
60.26511841	-40.84432373	23.75391083
68.22598877	-37.74914246	-9.855820465
50.7461792	-39.10704346	4.85684433
59.03178001	-53.45691304	13.59107255
47.12286344	-51.64538991	22.66945307
42.0569458	-57.55674744	-16.33157349
20.00386353	-78.66893921	39.80198975
67.45629883	-105.711145	-12.35612488
48.68812866	-111.0068359	-6.70512619
73.43875732	-106.3504395	2.802417183
57.85445557	-115.0808716	5.952406311
-40.89716187	15.76626587	-7.966843414
-36.59238281	-23.9864212	25.65511169
-29.91493835	-31.71969604	34.3065033
-20.2943573	-39.43566589	43.22560425
-10.34060135	-41.88558044	51.17277527
-28.91147156	101.4519958	-76.22211304
-34.82755737	106.6475464	-73.58283081
-43.59096375	110.2856323	-72.82787476
-57.64852905	111.7049072	-69.00664673
-74.14398804	113.203894	-64.23015747
-89.14380493	111.6382568	-58.25742798
-100.9530457	104.116626	-50.60685425
-111.0056274	94.70621338	-43.43450317
-117.6584595	84.62350464	-37.93235474
-32.95080261	17.90308075	-29.04813232
-37.43120728	9.531582642	-22.72310791
-41.40015564	-16.34711609	-16.83512726
-40.05121155	-27.7283844	-17.14471741
-38.99592285	-36.75979004	-17.37520294
43.98594666	20.86136627	-12.27449799
47.90376587	-19.11732025	18.34089355
41.46824646	-29.77366638	30.47312927
33.84491577	-37.39785461	39.38554382
23.43174744	-41.70895996	47.24952698
27.68525696	103.6249146	-74.60029297
32.65326843	108.8791504	-72.53372192
41.43262939	113.0873169	-71.47258911
55.90889893	114.466626	-67.08552856
72.44558716	116.5460693	-62.13849487
87.8354248	114.0004883	-56.7838623
100.5856628	106.1239014	-48.51317749
110.9820923	97.16759644	-41.05450745
117.3065308	86.99732666	-34.93860779
36.8527771	19.96523743	-31.29739685
43.16863708	9.553707123	-23.36194763
48.7821991	-16.80293884	-17.20783691
47.96037292	-28.5730957	-17.7167572
46.92276001	-36.96238708	-17.58013763
'PT_0008548_M_SAC_LO		
-9.531945038	63.25662842	-28.61671448
-8.204787445	38.9382782	-21.09779358
-22.53288116	-10.49842148	8.697613525
25.69039917	-59.17963867	68.19307251
26.13086853	-101.5394714	53.31287842
1.088456535	87.95735474	-70.07825928
-2.243055153	7.831015015	-36.62131958
-10.50125351	2.245075035	-31.50808716
-17.90245056	-8.035694885	-17.51338501
-17.00953979	-52.2182373	-13.60388947
-101.1474976	56.30371704	-7.443037415
-51.25221558	14.08810425	-1.726306725
-51.52432861	7.15839386	1.429999733
-49.76473083	-32.22816467	18.47311401
-43.49474792	-73.58970337	15.93603058
-33.27595215	-55.97548828	33.31739807
-46.89980774	-49.08062134	-3.899054337
-23.32136993	-52.81516724	12.20940628
-34.4004303	-67.91323242	24.13091431
-14.2837677	-75.12664795	-11.97142792
-10.8900238	-106.6723633	28.10597229
9.116572571	-94.78972778	47.47374878
-47.00174561	-116.9231079	1.35774107
-31.47896118	-119.5854126	-4.674148941
-42.58363037	-121.9767944	25.84634094
-27.66515808	-135.9856567	21.5236084
66.29526367	66.48400269	-30.72582092
62.43358154	33.39069824	-20.16322632
79.07351685	-8.940205383	5.904344177
30.87953796	-62.58308716	68.19282837
31.29353027	-100.0329224	53.88949585
56.4062561	86.54735718	-70.41074829
53.75830078	9.942204285	-39.37527161
64.64419556	2.814297485	-32.19625549
73.36532593	-12.74321136	-15.9648941
70.78320313	-55.75077515	-13.85083618
161.426709	49.22669678	-11.46629181
106.6682373	8.531774139	-2.454326057
107.1302856	2.674258041	0.309023261
105.4216553	-33.8427887	18.64424286
98.39874878	-74.665448	13.05542297
90.02854614	-55.72563477	32.84048157
100.4687866	-54.39585571	-4.775226974
79.78011475	-53.99442139	15.67108765
89.69177856	-68.41645508	24.22269135
75.9178894	-67.00779419	33.06853333
69.19109344	-77.9211731	-12.09416199
54.13694458	-81.58605347	46.96383972
101.8641052	-116.7585571	-1.295990849
76.28112183	-125.2906006	-0.945275784
99.7491333	-123.4520508	18.57177887
87.5614624	-134.9075684	14.03873749
-17.90838776	12.67149658	-7.976676178
-21.80861664	-25.48972778	18.86482849
-17.15019836	-38.0377594	31.94801331
-6.233810043	-48.9832428	48.60127258
6.944893646	-57.4657959	62.17540894
1.182803345	99.1940979	-70.35708618
-5.809294128	105.561438	-66.57127686
-16.87380524	111.6572998	-62.73203735
-34.41028137	116.319043	-59.88538208
-54.33442383	118.8354492	-54.44801636
-71.6222229	115.7493286	-45.20129395
-85.65950928	106.3973145	-34.44759827
-96.99411011	93.03646851	-24.28989868
-104.6638062	77.64421997	-15.73207397
-12.43413467	1.76586647	-28.37293396
-15.26896362	-1.084144974	-23.26718597
-20.21299133	-25.0744278	-12.73025818
-18.68404083	-39.94881287	-12.90251465
-17.45908661	-50.70433655	-13.65765686
74.32263184	13.0410553	-8.496455383
78.91845093	-24.07731476	17.78609772
73.86646118	-37.91935425	32.0495636
64.20930176	-49.23910217	47.18291016
50.2105957	-58.76570435	61.18309937
57.23609009	98.9008667	-69.79307861
65.23355713	105.52677	-65.36782227
77.52039185	110.0918335	-63.0522522
94.7647522	113.3510986	-60.12032471
113.7241943	113.8769043	-54.29876099
130.1670166	110.6626099	-45.49283752
142.5599731	100.288092	-33.62333374
153.5829346	87.26994019	-22.83693542
161.4344604	72.41283569	-15.40524597
66.84424438	0.854056835	-28.14092407
70.76992798	-4.859761047	-21.24158173
74.71843262	-29.04007874	-12.05945435
72.78053589	-42.51157532	-12.02263794
71.22124634	-51.63300171	-13.08755341
'PT_0000845_F_SAC_LO		
-27.55884094	55.25601196	-28.51874695
-27.38638	36.0438324	-14.04409485
-43.98304749	-19.86404572	37.17670288
7.366331482	-42.25455322	98.23197021
7.938985443	-85.74038086	96.42149658
-19.89523773	72.44592285	-72.82376099
-23.22929382	9.489291382	-28.31737061
-26.72792053	4.136938095	-20.72563324
-35.58857117	-11.14709167	-2.803573036
-34.62636719	-57.1586731	7.488181305
-135.0244873	55.06399536	8.560534668
-68.28328857	-1.652096748	19.29026184
-69.14458008	-9.18285141	24.87268677
-67.57365723	-34.33082275	33.22090454
-63.16338501	-66.81032104	39.05271606
-55.84956055	-46.92790222	52.31951294
-66.16783447	-56.33485718	19.1606781
-43.1170105	-52.7296936	34.17694092
-57.58822021	-60.27746582	48.05606079
-36.21933746	-75.27442932	13.20587158
-35.37593689	-100.1883301	65.53258667
-12.41337509	-84.36334839	85.0355957
-71.17147827	-117.1660278	35.64482422
-44.58169556	-123.9941528	46.73841858
-64.29472656	-114.0250977	74.05599365
-62.79367676	-127.2190552	62.75144043
50.18458557	52.44294434	-28.32177124
46.84844055	30.92078552	-12.52010193
63.38474731	-22.44578247	35.37549133
10.35534515	-42.14616089	98.50855713
9.821504211	-85.35477295	96.5111084
45.20164795	71.84647217	-73.45247803
40.78253174	6.334063339	-30.91409302
43.89494324	1.890861511	-25.49941254
56.2282959	-14.26056976	-5.282286072
51.77763672	-58.20906372	4.468611908
155.6716309	51.33301392	4.671751785
87.9289978	-3.177353859	19.28661499
87.68745117	-9.031274414	24.19703827
85.96072388	-33.01624146	31.57409363
85.39961548	-69.82637329	30.87398071
75.76436157	-48.24197388	49.18829041
85.35358276	-51.62977295	12.20279007
63.24451904	-54.27574463	35.21104126
77.40565796	-61.74696045	44.6778717
64.75363159	-56.44311523	56.10206909
53.86763	-79.09269714	10.61294556
33.03936462	-84.63653564	83.55604248
88.56207275	-116.8591064	37.12677307
63.07967529	-128.4190186	48.26830444
84.71495972	-118.0026611	75.32380981
78.6486084	-130.374939	61.38126831
-41.77278137	7.135302734	9.719403076
-42.33804932	-26.30578613	44.4540863
-36.13155212	-32.65021362	55.94012451
-24.31278229	-39.04033508	73.51074219
-9.713746643	-44.70776978	88.87403564
-22.29685974	84.75021973	-77.59276123
-27.73968201	93.57764282	-77.36796265
-37.91879883	103.0359253	-74.05305176
-56.82961426	107.4687256	-65.95319214
-80.33433838	110.5873657	-59.27167358
-101.7667358	107.8654785	-48.60715942
-119.4060913	100.6166382	-34.02585754
-133.1380371	89.5003479	-18.67232208
-139.7361816	74.06014404	-5.153418732
-28.74421692	2.174647331	-17.18079834
-32.49907532	-2.374309921	-10.24876175
-36.66481018	-29.45166321	2.614194489
-35.78711548	-44.29909058	4.644594193
-34.76404724	-55.0895813	7.014151764
59.73840942	3.891430283	7.579654694
61.54330444	-27.88836365	41.89940796
55.29170532	-34.91964111	54.66571655
44.42002563	-40.41818237	73.15014038
28.60126038	-45.94012451	89.09318237
49.21101685	84.46644287	-78.17460327
55.79716797	92.55270996	-77.76523438
66.9625061	100.7395813	-71.57420654
84.47556152	104.6309082	-62.14255981
105.6811401	108.5451538	-53.88458862
124.9412109	105.0334229	-43.62994385
142.253418	97.16416016	-31.23644104
155.7783691	85.41845703	-19.63305511
160.6458862	69.98789673	-9.083493805
47.47180176	-0.412714148	-20.68956299
53.4557373	-6.170514297	-12.11459198
56.53985596	-31.46578979	0.15632894
53.96541748	-44.84972229	2.454093933
52.23358765	-54.375	3.971094894
'PT_0004387_F_SAC_LO		
-51.49403687	36.4749054	-1.278246403
-49.48271179	16.74212036	5.776551056
-64.7076355	-31.19539795	39.57101746
-18.8235733	-74.86525879	76.63581543
-18.98273773	-111.5514282	66.68709106
-47.49741516	59.34906616	-38.13118591
-44.53167114	2.815944481	-10.1565979
-47.40069275	-3.792051315	-5.238045883
-60.88574829	-24.19032745	12.38325424
-61.65522461	-60.35350952	16.98955841
-131.3334473	38.41503296	-2.790208054
-92.1880249	-4.94664917	23.00644836
-90.49989624	-9.116129303	25.3773056
-84.2642395	-52.237854	45.63347473
-81.75022583	-86.52376709	40.25342407
-71.31705322	-73.63287354	57.49074097
-82.76363525	-73.5170166	27.12135315
-63.51233521	-74.73838501	40.73973694
-73.92927246	-83.21148682	49.42539978
-60.59233093	-82.49254608	18.75863647
-61.58510742	-115.7688843	49.9418457
-33.63983459	-104.7611938	66.75874023
-84.88508301	-126.6032959	29.43713684
-71.20039063	-129.843335	29.27785645
-87.85261841	-129.3498413	48.37911987
-76.34223633	-139.9570557	42.60037842
11.99370117	37.34648132	-10.35249939
10.87398376	19.40517578	-1.241249084
29.99303284	-28.9387085	32.50485229
-15.12756653	-74.95152588	76.54721069
-15.99578857	-111.2908081	66.66414795
1.164543343	59.66778564	-42.16690979
2.629841232	4.644609833	-11.96780777
7.670212555	-0.90056448	-11.99278259
24.0259903	-27.77684631	9.055245209
22.82838898	-59.62265625	12.01403046
90.82911987	32.23739929	-17.49399109
52.77434692	-12.53559113	16.23976593
52.05759888	-17.26817627	19.69978027
49.88094177	-52.8255188	35.68486633
45.11404114	-87.33468018	29.64455566
37.27536621	-73.66505737	50.67920532
44.81595459	-72.85018311	17.91040497
27.17481384	-74.52999878	33.11019592
38.60293884	-85.03721313	42.85685425
25.02771759	-81.54318848	51.31176147
20.88427544	-83.77936554	14.12638092
0.480726433	-104.1568604	64.64731445
43.24337463	-126.9970459	20.98415833
29.54670715	-130.0602295	22.74732819
47.86162109	-130.8320679	40.68858948
34.40565186	-139.9389038	35.41049194
-60.20144653	-8.102947998	20.86469727
-62.20992432	-43.30891724	49.29797974
-58.02131958	-53.4046814	57.66540527
-48.72582703	-65.29060059	66.82107544
-35.62663879	-72.76800537	73.51869507
-52.70612183	68.69008789	-42.89760132
-59.77803345	73.02272949	-44.49696045
-67.70585938	76.15943604	-44.70403442
-80.09494629	78.40118408	-42.66002502
-95.29328613	77.93458862	-39.52108154
-108.7309448	75.23427124	-35.03930969
-119.5868042	68.73660278	-28.12414246
-128.2197998	60.70135498	-20.29024048
-132.9317993	51.612677	-12.60840607
-51.36153564	-7.361521912	-0.795942593
-57.20441284	-14.34227753	5.84685173
-63.02126465	-41.12561646	17.4824585
-62.17191162	-53.80720825	17.4213623
-61.49229736	-59.35666504	17.10222626
23.83666077	-4.863871765	13.4052536
28.18312683	-41.68694763	41.90269165
22.94070282	-54.46939697	53.0088562
13.62559662	-65.32468262	63.73423462
0.60158329	-72.2642395	72.00800171
5.898125458	68.57277222	-46.5616272
11.82324295	72.69443359	-48.49957886
20.22748718	75.86512451	-51.2076416
34.57776489	76.72327881	-52.58047485
51.3848877	76.07775269	-51.07939758
66.43266602	72.80223999	-48.98570557
79.03321533	64.73521118	-43.13929443
87.82305908	55.6659729	-35.27245483
93.18572388	46.47279358	-27.1694458
12.78986282	-6.040674973	-6.832303619
20.42654266	-16.2427002	2.304870605
25.11197968	-43.18875122	12.79819565
23.91517639	-54.11417847	12.17574234
23.02898407	-59.71235352	11.5757782
'PT_0000867_F_SAC_LO		
-34.87883911	54.06397705	-35.21227722
-28.44542236	28.36866455	-18.14024658
-48.85371094	-37.51416321	30.92335815
-0.163840115	-75.09543457	91.09418945
1.712365532	-118.719812	90.04763184
-26.89593506	67.59298706	-81.02831421
-22.20921173	-3.207390976	-34.50574646
-27.9825531	-11.10332108	-29.16263123
-40.50423584	-33.27348328	-8.236964417
-40.63105774	-94.43613281	12.42743454
-124.2652954	48.07455444	-10.90004807
-75.59176636	-18.24901886	13.0540451
-73.44150391	-32.704422	24.35024414
-71.35742188	-57.90330811	38.47898865
-66.53847656	-97.01103516	39.62458191
-58.56224365	-77.06431885	58.21968994
-65.76308594	-78.11300049	18.40835114
-44.39715576	-80.93631592	34.32156677
-57.70808105	-91.89634399	47.1710144
-41.2355423	-109.4286728	20.70178223
-40.74287415	-126.8744385	59.34116211
-20.48686981	-111.942749	82.8251709
-77.0635376	-140.0073608	45.01381226
-61.83103027	-150.6834106	39.34661255
-72.60229492	-145.9348999	69.00032349
-60.09897461	-158.8505737	62.68386841
46.44111023	56.20362549	-35.64062195
40.9364563	24.58312988	-19.62071991
57.33372192	-37.01664429	32.29468079
3.721163559	-75.49264526	91.2805481
6.163666153	-118.6866333	90.41568604
40.81502075	66.17766113	-79.05212402
33.28184204	-1.631064224	-36.44304504
41.54844055	-12.32065277	-27.06818848
53.28492432	-39.84203491	-3.659477615
51.22111816	-90.83846436	11.98265762
137.3314941	45.79249573	-10.11313858
86.06426392	-20.6554245	16.79493713
83.17318115	-32.04249268	28.10874939
81.39230347	-57.08165283	39.21208191
74.81951904	-95.55904541	42.48199463
64.61453247	-76.19356689	60.23037109
76.35422974	-80.37029419	22.65665741
53.50809937	-77.53807983	35.17000122
66.19471436	-90.97091064	50.84913025
53.756604	-88.69112549	61.24024658
51.01449203	-104.6959457	18.46514893
28.96668396	-114.0033813	81.84744873
83.74082642	-140.4921387	41.78700867
69.33692017	-148.6961426	37.77635498
84.11990356	-142.0734009	63.58971558
72.76499023	-157.5646606	58.28953857
-43.33407593	-6.955472565	4.766306686
-47.16235046	-49.52912292	43.00949402
-42.29857178	-57.7260437	57.10341187
-32.35534668	-66.36578979	73.3736084
-18.08175201	-72.77268677	84.54415894
-24.68239899	81.67403564	-84.70352783
-29.51307068	90.60475464	-82.61210938
-39.11816101	97.78756104	-77.57147827
-54.990979	101.7237061	-70.46151123
-74.05617676	102.2573486	-64.39879761
-91.30761108	98.9151123	-57.22830811
-105.5982056	93.02897949	-45.06427307
-116.695459	82.97631226	-31.89537659
-123.6377563	68.65801392	-21.32048798
-30.60500488	-14.7027771	-24.53258209
-35.74116211	-21.86668243	-16.7674057
-43.11106873	-54.02723999	0.487979841
-42.14087219	-72.36488647	4.785690689
-41.13215027	-87.16162109	9.801678467
52.9975647	-7.23457489	4.144630051
56.77147827	-47.75275574	43.0524231
50.51459045	-58.04429321	58.29076538
39.13048096	-66.88588257	74.91091919
23.58799286	-73.97351685	86.9708252
42.31420288	81.69055786	-83.65205688
47.62549133	90.48977661	-82.34177246
57.92735596	97.66640625	-77.36832886
72.98919067	101.0011963	-69.57088623
89.97952881	101.3862732	-61.6147522
105.5769653	98.24542847	-51.82637939
119.4205566	92.09656982	-38.76952515
130.5309204	81.33430786	-26.78855591
138.0631104	67.69905396	-18.40679626
44.58737488	-16.43713074	-21.74890137
50.29311218	-27.03352356	-11.64395523
54.13272095	-58.78843994	2.843327904
52.8652771	-74.07999878	6.063098145
52.03206177	-84.96889038	9.448677063
'PT_0010280_F_SAC_LO		
-37.96602478	82.30697021	-36.89249573
-36.93977661	53.47957153	-18.5679245
-57.42371826	-14.08861237	14.82743378
-5.75625	-50.34637756	60.36625366
-6.892230225	-96.1526062	44.88232422
-33.95890503	94.48311768	-68.593396
-29.41231079	27.07376709	-38.44482422
-37.92531128	22.14237366	-36.09025574
-51.99903564	-1.49811182	-18.18048553
-54.32515259	-46.21181335	-15.8736557
-126.7521484	62.75794678	-9.021997833
-83.64185791	21.41815948	-4.995939255
-81.73314209	11.89939117	0.606660938
-81.687677	-26.51539612	16.99483643
-80.18264771	-65.40814819	10.71594772
-68.12321777	-46.91517029	31.92263184
-82.54033203	-45.36272888	-6.075940704
-62.23618164	-47.69758606	10.71154099
-71.89697876	-62.12041016	22.98566132
-55.84883881	-65.25682068	-13.99327087
-49.72727051	-97.45228882	25.02531128
-26.39952087	-87.72719727	45.22127686
-87.50913696	-103.577771	-1.385290623
-67.2586853	-117.9518555	-3.902762604
-86.10879517	-112.1661865	17.14936066
-74.58897705	-123.560498	6.768159485
28.5107605	79.15941162	-33.89379883
29.87825317	51.40130005	-23.33145294
46.23883362	-13.36026611	9.154865265
-1.662928009	-50.36000977	60.10300293
-4.377378845	-96.2012207	45.02406006
25.42947388	98.02738647	-71.48721313
19.1488739	28.91899414	-43.07157288
26.36814575	19.63650818	-38.54268494
39.81579895	-6.085906601	-22.60657043
38.34054565	-48.45774536	-20.35545807
125.1329712	63.39092407	-25.27765503
73.22871704	18.82970276	-13.3732132
70.79547729	9.35258255	-8.535211945
70.30861816	-28.14402161	8.625608063
65.33953857	-67.19873047	3.884190369
55.14839478	-47.76413879	25.25351563
69.27177734	-45.41470032	-12.02817917
48.52588806	-47.71514587	4.623754883
56.30562134	-61.79262085	15.15955811
42.08829041	-57.32503052	24.42055969
39.69400787	-66.33588409	-19.62980652
13.44877167	-89.96617432	42.62974243
71.08805542	-107.6399658	-5.063026047
48.40374146	-119.1149658	-5.848801804
69.91503296	-113.1608521	12.90982971
60.47367554	-126.6225464	0.876791
-52.45480957	17.34867859	-6.736933136
-56.00942993	-22.37583008	21.77823639
-50.30812683	-32.48222351	30.84087524
-39.82529297	-42.44992981	45.54098511
-24.59126892	-48.74290161	56.84974976
-32.76958008	105.8698853	-67.21665039
-36.45414734	114.0481934	-65.10445557
-45.44794006	120.1419189	-62.60914917
-60.08153687	124.3700195	-60.41085205
-77.91533203	124.0412842	-56.05385132
-93.18060913	116.6412231	-48.84222412
-105.6507446	103.4546021	-39.98937988
-118.4506836	91.34777222	-29.10314941
-126.7171143	81.14644165	-18.35121002
-42.20043945	18.60028839	-31.84081421
-48.49831848	10.99715881	-24.96487885
-55.22941284	-19.24603729	-14.78636475
-55.4522583	-33.11515503	-15.31081696
-54.69275513	-43.4879425	-15.8561676
41.64294434	17.57450562	-13.20207672
45.06895752	-21.27751617	14.44089966
38.88170776	-33.48552856	25.49270172
28.60297546	-43.07436218	41.06951294
14.60084381	-49.47562866	53.0571106
27.07979126	108.3110474	-68.89916992
32.39014282	114.9575073	-67.09500732
42.22092285	120.9073975	-64.82092285
57.9859436	122.9040039	-64.33287354
76.66713867	121.1011963	-63.71750488
92.92384033	114.6810059	-59.03927612
106.852417	104.2603027	-51.16622925
117.8072266	92.65672607	-42.88529358
125.1306519	80.63221436	-34.94835815
30.94242249	15.89225464	-34.94998779
37.42497864	5.774060822	-28.235495
40.20822144	-23.16719971	-19.98558655
39.48517456	-36.05154419	-20.66508026
38.77680664	-45.19046631	-20.85888214
'PT_0000452_M_SAC_LO		
-17.52004852	89.57027588	-42.6293335
-11.90748825	53.69962769	-21.70537567
-32.03033447	0.926116943	15.69326477
20.30730591	-35.74827576	69.38179321
21.21009064	-86.94795532	56.39836426
-15.05376434	101.6614502	-87.91107178
-7.809806824	24.57641602	-36.15032959
-14.00212097	17.92886353	-33.18881226
-27.36000977	-1.625786018	-14.97945404
-21.84003448	-48.68372192	-12.8036026
-121.1545044	74.59598999	-7.043685913
-66.14464111	28.99325256	-2.111919403
-65.55516968	18.73355255	2.194992065
-66.01071167	-19.53780212	16.36280365
-55.0364563	-66.14498901	7.978123474
-51.67904053	-43.62658997	34.39496765
-62.05791016	-38.27502747	-11.506604
-42.78866577	-38.24879456	11.62019272
-50.38632813	-62.80952148	19.2388092
-16.99773026	-64.08468628	-12.33430481
-11.56409912	-97.28374023	30.3474884
4.145605087	-79.33961182	48.71464539
-49.33304138	-105.3799805	-1.132476807
-27.5893158	-111.4119629	-4.959793091
-53.80159302	-112.1475342	18.63723907
-32.45880432	-130.3680542	22.50889587
66.70413208	92.66887207	-43.4030365
58.97120972	53.38661499	-21.78325195
77.2361084	0.982219601	17.26851501
22.15841522	-35.88563538	69.03117065
23.43603058	-87.09842529	56.57009888
61.49196167	95.91238403	-89.48300171
51.57456665	21.65072632	-38.29829407
56.93212891	15.81218414	-35.36557007
69.05430298	3.989469528	-17.96616974
69.02711792	-48.54254456	-13.32476654
161.6354858	78.5300415	-5.515109253
108.1318848	28.59449768	-0.956232071
108.8656982	18.16453247	4.057368469
108.2180786	-16.69895782	17.68113708
100.9521179	-63.53261719	12.01399002
87.70966187	-40.20967712	36.43278198
105.5934692	-35.97821045	-4.97768631
81.99031372	-38.96832581	15.82407227
88.91914673	-55.29679565	27.50771179
70.17805176	-48.81732788	36.23129272
65.90229034	-65.36114502	-12.57699585
42.37286377	-79.75108643	50.27006531
95.10046387	-101.3411438	-0.32144165
75.52880249	-113.1747437	0.84538269
101.3426086	-111.0460083	24.20077362
80.15812378	-128.3673218	25.42822723
-26.2981842	23.90452728	-6.245742416
-29.5744812	-8.967619324	22.47871857
-23.66783295	-19.765979	34.51288757
-13.97146912	-30.1272644	51.65978394
0.893499088	-36.04121094	64.94604492
-20.01584473	112.1530273	-91.09279175
-24.99876709	121.34646	-90.10842285
-35.11959229	131.0924927	-84.38568115
-50.97068176	138.0028442	-75.30643921
-71.21351318	140.0133423	-66.18876343
-90.82393799	135.7270996	-56.14749146
-107.7324951	127.422998	-43.24578247
-120.3879395	114.8200317	-29.51963196
-125.603125	97.78757324	-17.33275299
-18.58860931	17.6639679	-28.54883728
-24.24031067	11.39324646	-20.80639343
-27.45002441	-17.21193085	-12.65843887
-25.24676819	-31.65016479	-12.31263809
-22.90479736	-43.6440033	-12.64104767
70.20429688	25.77619019	-7.90943222
74.92219849	-7.882619476	24.48986053
67.35809937	-20.40106659	36.81963806
55.38721313	-30.87467041	51.62647705
39.93279419	-36.35778198	63.61584473
66.15046387	110.301355	-94.82244263
72.97754517	121.2143555	-92.24284668
84.28397217	132.0467651	-84.98356323
99.59140015	137.8453003	-74.37554321
118.4116211	140.2895996	-64.87605591
135.8485107	137.3371826	-53.64837036
150.9521606	127.9964844	-40.70122986
162.4159668	115.1661743	-28.4256134
167.6667725	99.77662354	-17.42404327
61.30682373	15.92367859	-31.18606262
66.79490967	11.69005966	-23.80321045
72.47333374	-14.89781189	-13.8909317
71.82675781	-30.52297668	-13.71353455
70.52957764	-41.50197449	-13.52517242
'PT_0000660_M_SAC_LO		
-13.24371185	69.48838501	-20.30472717
-11.59040756	36.25552368	-8.283573914
-30.96133728	-2.439193535	21.94872284
12.24856796	-41.45480347	76.36184082
13.20465088	-86.21207275	69.16276245
-6.133132172	94.74074707	-63.85848999
-4.63060112	18.20813446	-24.67993164
-11.25468521	12.52590942	-20.51429138
-27.35726318	1.907412148	-6.272109222
-27.47375183	-45.53041077	-1.019353485
-109.0850464	63.8505127	-14.20335388
-61.2182312	23.78332367	7.342150879
-61.36334839	13.21252136	15.51549225
-57.77363281	-21.61231232	34.25100403
-56.75527344	-58.79337769	25.15310516
-44.17334595	-40.84640198	47.23100586
-58.51613159	-37.53423157	13.02064514
-35.46210022	-41.02943726	23.88440399
-48.07844543	-53.78562622	39.08905945
-27.99284363	-66.26150513	0.145477295
-23.88501282	-90.74282837	45.43076172
-4.16160202	-77.74039917	60.48791504
-59.70534668	-103.6967285	12.30390549
-40.37589722	-108.1195313	9.736552429
-62.22015381	-109.08396	38.39721375
-46.39861145	-119.4457397	34.75791626
56.42316895	64.45111694	-12.20864868
52.31668701	32.8529541	-2.684113121
66.80026855	-8.525725555	34.00931091
14.94406891	-41.44350586	76.42230225
15.67575836	-85.76714478	69.10314331
57.68206177	92.47528076	-57.94332275
47.70975952	21.3009964	-22.88684998
52.28100586	15.24113007	-16.28217316
68.3395752	-2.773357201	0.316046953
63.96844482	-38.83723145	2.075371933
152.2010132	64.5817688	-2.994431686
98.7494751	23.34715118	16.07682343
99.33301392	14.11799927	21.85110016
93.57004395	-20.02670288	37.04865723
85.22461548	-57.69894409	36.8061676
75.31524658	-41.35858765	51.70663452
92.85615845	-39.26808472	17.60653381
65.75510864	-40.55325317	30.45322876
77.94821777	-51.05989685	45.47485962
60.21454468	-49.61455078	50.20179749
63.2280426	-57.98397827	4.140556335
33.68876648	-79.41036377	59.46860352
91.40733032	-102.4814819	15.27982025
67.61099854	-107.2396851	11.18869858
91.21953735	-109.7256104	40.29974976
76.64575195	-116.9244385	32.19182739
-24.5153595	16.83931274	5.157489777
-30.8279541	-15.24863281	32.35392761
-26.41069031	-25.07350464	44.87944946
-16.66008148	-34.68034668	58.8194458
-3.360536957	-40.54866943	69.89782104
-5.92250061	105.7196411	-62.98878174
-11.37504272	113.0129395	-59.59622803
-20.79385986	118.0316772	-57.40384521
-37.22016907	119.4197632	-55.43234863
-56.74433594	120.434375	-52.63914185
-73.78128662	114.2199585	-47.90052185
-88.08494263	103.3961792	-40.63019409
-101.5657837	91.59616699	-32.74176331
-110.6935791	81.34839478	-23.98670502
-16.15317688	12.18279572	-17.1841568
-22.42750092	9.20471344	-11.31895828
-29.62340088	-14.91867981	-1.059236145
-29.08783264	-30.19801636	0.000175528
-27.95916138	-41.88721313	-0.716967821
64.38510132	13.77280579	14.21689911
64.75256958	-14.13531036	39.3825531
58.12070923	-23.88746643	51.51345825
47.85628662	-33.06538086	64.18704834
32.94234009	-38.70797424	73.57616577
57.06271973	103.8914429	-57.3458313
59.56660767	111.8992554	-52.68372803
69.85057983	119.0101318	-48.02161255
87.77159424	120.1383911	-43.59890137
108.5706665	120.924231	-41.17993164
126.4040894	116.1624023	-36.13148193
140.774939	106.6783325	-27.5324585
150.8186523	95.13555908	-18.08913422
155.6712524	82.44435425	-9.701929474
57.74649048	13.13695831	-11.51452332
65.53294678	6.479877472	-4.484738159
68.16904907	-17.55042267	3.102615356
65.9414978	-29.07709656	3.177824593
64.23035278	-36.78277588	2.294970703
'PT_0000496_F		
-26.37267761	84.01898804	-15.18574219
-23.88288879	61.85726929	0.801593494
-43.46879578	-1.0845788	38.23715515
10.34203796	-44.26937866	83.27196655
11.28640747	-87.73485107	66.19876709
-29.2448761	92.80974121	-50.9178833
-15.68811951	39.20656433	-19.83369141
-23.6424881	26.75879822	-12.51010513
-38.92659607	4.453823471	7.137020111
-39.38367615	-40.96040039	5.196219635
-114.3621826	67.04562988	6.711181641
-66.22610474	20.4023056	24.21395874
-67.55783691	12.29223099	29.89687805
-66.44620972	-23.88105011	41.38750916
-60.29360962	-59.32626343	36.22451477
-49.56992188	-43.9787323	56.84280396
-68.65505371	-39.54850464	23.86462402
-41.90281677	-40.54803772	34.79540405
-52.95335693	-57.16619263	44.21414795
-38.5205307	-58.75523376	4.542098999
-24.1522171	-96.79988403	44.66836853
-8.22800827	-77.45183105	61.70598145
-61.40124512	-100.4195801	9.770062256
-44.55186157	-105.7526611	9.080524445
-64.68466187	-115.4905762	28.66322632
-44.54501953	-127.110437	27.77971802
43.32235107	83.09532471	-19.63554535
43.53826904	59.05876465	-3.429398727
63.9236145	-2.721680069	34.42040405
13.2195755	-44.2003479	83.12905273
14.38167114	-87.56870728	65.92427368
43.38077087	94.05036621	-56.57171021
33.19049377	42.07680359	-23.08647156
43.52860107	26.68970947	-16.14498901
58.69234619	3.325210953	0.830486965
60.07182617	-45.48688354	1.284706211
134.9542358	63.3071106	-2.308245659
84.3395813	23.85275116	14.19905243
86.24360962	16.50614777	19.81641846
87.38510132	-21.48006744	31.98821106
82.32841797	-56.61070557	28.46256714
70.12057495	-41.79023132	50.58215027
87.15258179	-37.83466797	16.46777954
62.19418335	-37.34274597	29.04038696
72.30709839	-52.45187988	38.75606384
58.42997437	-49.00704651	49.34508057
60.95080566	-59.61330032	0.174133301
32.60913086	-76.11524658	59.76148071
83.43352051	-95.27219849	5.529334259
64.81154175	-107.5130859	9.543676758
88.58463135	-109.5680664	24.59682159
72.0284729	-123.2465698	27.60792542
-40.28658447	28.89039612	18.43532867
-40.89835815	-13.62300568	46.84813538
-34.05618591	-24.86246338	56.03935547
-22.8590332	-34.73970337	68.92791748
-8.188097382	-42.00238647	78.64570923
-30.07779236	103.4863159	-53.61744995
-33.65683594	110.7792725	-52.19356079
-40.96137695	117.3536743	-47.74519958
-54.32240601	120.8403809	-39.59347229
-70.92976074	121.6442627	-31.08275146
-86.85261841	116.8666504	-23.98739319
-100.7773438	107.4147949	-16.41291809
-112.3389404	95.59711304	-9.207398987
-119.522876	83.88914185	-2.650768089
-28.34197693	23.44315643	-7.677240753
-34.85565491	16.96510773	0.51362381
-41.06929016	-12.70279007	9.986045837
-40.59242249	-26.78288574	8.710605621
-39.62173157	-37.51184082	6.489120483
58.24017334	27.7539917	11.4496376
61.34285889	-10.96688309	40.44555664
54.99998779	-22.88123016	51.82598877
44.26233215	-33.21385498	65.91986084
30.12735596	-41.91304321	76.15609741
44.84387512	104.8752441	-59.37573242
48.14570618	111.6501221	-57.61100464
57.14472046	116.4693848	-54.85513916
72.88380127	116.9993896	-48.44565735
91.32203369	117.9588257	-43.04250488
107.8359985	112.7582153	-36.18697205
122.3619019	103.1627319	-26.99062805
134.0201782	92.05800171	-18.69959106
140.497998	80.36039429	-10.2500267
48.42213135	23.52598724	-12.10519714
54.30881348	14.61419067	-3.662101746
60.86170044	-14.49579163	3.66319046
61.29178467	-28.28790588	2.838126945
60.61201782	-38.49322815	2.254836464
'PT_AS_1810_M_SAC_LO		
-30.2596344	57.19422607	-33.24700012
-23.50231171	34.44475403	-25.99824524
-34.0013092	-15.21869049	12.74251099
5.785509109	-51.16456299	60.15004272
6.975510406	-104.6493896	55.24403687
-26.63650513	85.21888428	-81.69155884
-19.09355621	6.77338028	-38.87999878
-24.13677368	3.786478806	-31.77524719
-31.22426758	-18.048172	-14.86916962
-24.71301727	-60.04910889	-8.0579216
-112.712854	52.83485107	-16.1792984
-63.75045776	7.07688446	-8.328775787
-61.45195923	-3.42481575	-1.237836933
-60.16653442	-37.58247375	14.87363586
-54.4979126	-73.69831543	11.07249069
-49.55975342	-51.49929199	29.56685181
-56.3612854	-51.7687561	-4.266667175
-37.21870117	-55.61821289	11.89027786
-46.72547302	-67.26553345	22.85187836
-23.90855598	-75.1391983	-4.541137695
-25.34954834	-99.32207642	34.00810547
-7.700223541	-88.73851929	50.88168335
-58.8333252	-119.7786255	5.622707748
-41.36500244	-123.6814697	2.870972252
-62.71429443	-122.0532471	22.71642609
-50.71647034	-132.7624512	18.21909943
41.86509399	55.24452515	-35.87786255
38.6295105	39.7936615	-28.76591187
49.82813721	-18.49270782	14.12882843
8.333462524	-51.73720703	60.13156128
11.72568054	-104.4337402	55.18371582
37.05658569	84.66939087	-86.15930786
37.93414001	7.633115387	-39.21527405
40.32102051	1.8695755	-32.98405151
47.62748413	-18.16902313	-17.11950531
41.67678833	-56.85783691	-9.605104828
126.3862061	50.06987	-23.76606598
78.45790405	6.266961288	-10.98304977
77.13991699	-2.622092628	-4.732181549
76.25704956	-35.46044312	14.3665802
71.30587158	-72.7156311	13.06749268
65.0303833	-52.38832397	28.46656189
72.01613159	-55.46444092	-5.086333847
53.53270874	-54.50540161	11.90075989
65.05834961	-67.04547729	22.7292099
46.89380493	-60.62890625	33.24588318
41.58590698	-70.69503021	-6.567062378
24.16687927	-87.34659424	50.85856018
78.31066284	-118.394397	4.657279587
58.49509888	-124.4359985	3.408745193
82.52175903	-117.6122437	18.54801331
70.33493042	-131.339624	17.92388916
-31.29265442	6.942145538	-7.567443085
-33.83639526	-24.43901672	22.72390442
-30.79649353	-33.72322388	32.00032043
-22.02342834	-44.05047607	44.98208923
-9.936452484	-51.03616028	54.85930786
-27.27225952	92.66550293	-82.88736572
-30.62124023	98.61438599	-79.41570435
-39.4668396	105.3436157	-77.56502075
-54.8541687	108.7378784	-73.02098999
-71.63323364	107.9486816	-65.94428101
-86.57809448	104.1459106	-57.83475342
-98.41465454	95.29328003	-47.46591797
-108.122876	84.62459717	-35.83761292
-113.9943848	71.48278198	-26.04164429
-26.83318787	1.22582655	-27.79389954
-30.11544495	-6.039609909	-21.26043091
-29.62648315	-32.95027771	-12.37136917
-26.38042908	-46.60374756	-11.2716507
-24.84506531	-57.59849243	-8.799961853
45.75005188	7.62128067	-12.30843582
48.53005371	-25.15569153	19.75350494
44.93564758	-34.74475708	30.81387939
37.11899719	-43.44664917	45.3888031
24.33968048	-49.69437561	55.71668091
37.61560364	92.65545654	-86.16258545
41.08601379	98.5100647	-83.19747925
50.90237122	104.2421997	-82.17987061
67.48074341	106.8849609	-77.74771118
85.00152588	106.0628174	-72.17369385
100.5798828	100.9569702	-65.56765137
113.1381958	91.34967651	-55.4142395
122.8327515	79.7776123	-44.86460876
128.3190918	67.91398926	-33.70035095
42.43745728	-0.066642326	-29.63035583
46.05368958	-7.763987732	-22.69717255
45.92060242	-34.05484924	-13.41961365
43.5258667	-46.39582214	-12.09579468
42.43793945	-52.66868896	-10.6900795
'PT_AS_1595_M		
-34.84104919	71.1496521	-5.118743134
-38.65696106	41.61501465	3.537205887
-56.88901978	-21.80760651	24.07690582
-15.51924744	-64.75722656	65.39700928
-15.1711319	-110.1602417	42.30750427
-33.26395264	95.41583252	-37.03725586
-32.25790405	15.0300705	-14.97926636
-38.85214844	7.329771423	-9.468969727
-50.36056824	-17.64876862	-2.136197853
-44.91595764	-51.89405518	-9.903349304
-128.8327393	53.98977661	7.126262665
-81.54210205	8.063441467	9.983815002
-81.12333374	2.422050095	11.77385788
-79.01967163	-39.26963196	17.98524017
-70.72724609	-72.68369141	7.213552856
-66.47554932	-57.10914917	27.66979675
-72.61904907	-49.87190552	-4.679204178
-54.45470581	-53.14719238	9.782552338
-66.89151001	-70.98009644	16.82044373
-43.03670502	-68.06347656	-14.00296021
-41.97871094	-104.3134888	21.18016815
-29.0870636	-94.3894165	39.84772644
-77.00911255	-100.6075317	-16.30453644
-60.76675415	-105.019458	-17.03136139
-82.38807373	-108.5985962	-0.527827501
-68.52918701	-115.0303589	-8.785635376
23.02535858	68.1961731	-1.538057613
24.44914703	42.30622864	6.449449921
33.7481781	-25.31219177	30.31911011
-10.76654053	-65.42522583	65.57852173
-11.22360458	-110.1401855	41.95444031
24.88525848	93.93369751	-35.11142578
18.83625031	15.73469696	-12.65212173
21.89225922	5.480892181	-6.940750122
30.79786072	-19.45468597	2.587755966
25.02296143	-51.48679199	-4.444343567
112.2196289	49.98952637	18.86927643
60.17211914	5.010629654	17.33023987
59.03917847	-5.229794693	19.84001312
56.13010254	-41.09813232	27.70903931
49.325354	-74.48648682	12.77413406
42.86436157	-60.822229	35.84379578
52.23417358	-54.98283691	2.922779083
32.73822937	-56.44766846	17.03159027
43.13851013	-72.79854126	24.43869629
27.59046936	-66.67703857	34.7061676
24.60245132	-64.95969391	-8.061264038
3.360064316	-94.90133057	41.58499146
55.70689087	-103.6071899	-9.732341003
37.94075012	-104.4770996	-13.21172791
60.68442993	-111.6243164	4.313554764
47.82650757	-116.5196045	-5.101940918
-51.61248779	7.067835236	11.68441772
-56.55601196	-31.47805481	28.89941101
-52.98979492	-43.0177002	34.96687317
-42.69545898	-57.03214722	44.34410095
-28.69010925	-66.80447998	54.69431763
-34.39496765	102.7413086	-35.57607727
-36.55318298	107.5803467	-30.50076904
-43.9337738	112.0285522	-23.93327637
-59.19963379	111.8751099	-22.91968231
-79.25316772	112.5402954	-20.01236115
-97.57008667	110.4977783	-16.52079468
-111.1631714	100.7335205	-9.682317352
-121.9619507	88.08231812	-2.684463882
-128.8120483	73.53983765	0.285182667
-41.96192627	4.567491531	-6.856767273
-46.454245	-3.93776207	-3.166566658
-49.79266663	-30.63938293	-4.256583786
-46.96125183	-41.22418518	-7.244777679
-45.13029175	-49.54222107	-9.123161316
30.62710876	7.271058655	15.5802536
31.62463379	-33.28012085	33.42771606
26.98041077	-45.50732422	40.30576172
16.91820068	-58.74302368	47.74607849
2.797961807	-66.51919556	56.87449951
28.66083984	102.8999023	-34.55682678
31.63740845	107.9970825	-29.72360229
39.74276428	110.7890137	-23.63334656
54.29282227	110.513855	-16.59057465
72.31640625	110.8476929	-11.85894928
87.77184448	106.1333862	-5.362606812
100.0692322	94.96159058	1.461109161
108.3301392	82.54766846	9.493088531
113.1678589	68.51494141	13.57899933
24.90854797	2.755342865	-3.848620224
29.01097107	-7.093312073	1.330257511
28.99219055	-33.49239197	-0.029173836
26.70358276	-44.0447937	-3.046692467
25.24408569	-51.58209839	-4.460391617
'PT_0256973_M_SAC_LO		
-33.74558716	68.74874878	-27.5620697
-29.34642334	45.08891907	-20.78919983
-39.27283325	-16.5886734	-0.279587817
-3.49581871	-57.97116089	37.00766296
-3.080757713	-99.90588379	10.5028038
-31.22314453	94.95170898	-66.58268433
-26.23849182	21.55441895	-43.48846436
-31.41528625	15.47672729	-39.76429443
-36.5993927	-2.703045464	-29.78467102
-32.25085449	-33.40160217	-35.106073
-106.2497314	66.75158691	-7.155699921
-61.85911255	2.045388794	-9.100466156
-61.8513855	-2.912620354	-7.529148865
-62.00575562	-27.53447571	-6.001248169
-56.03237915	-61.90734863	-18.2090332
-50.53338318	-46.90423279	4.613161087
-54.92149658	-38.24476929	-29.02407227
-37.59397583	-40.2974884	-12.97090759
-50.67918396	-60.88272705	-9.531374359
-29.99966049	-53.84790421	-34.29653931
-31.97494202	-91.61896973	-7.914445496
-18.22870483	-87.27158813	8.454773712
-56.36508789	-97.00661011	-40.65561218
-39.35547791	-103.1791504	-36.77073669
-63.05932007	-103.9521973	-25.57589264
-49.54284058	-114.1563477	-28.99908142
35.15944824	69.1581543	-25.95318298
30.83850098	44.61056213	-21.08044739
42.63552246	-17.66257477	-0.583427572
3.141630363	-58.57721558	35.80075989
1.550189972	-99.04333496	10.45076218
34.78999634	102.7224731	-63.4414978
28.21057739	21.87581177	-42.8419281
32.32922974	16.86205902	-40.18505859
38.03519897	-3.555692673	-31.43034668
33.7585144	-34.48921509	-36.04406738
104.4407227	58.83114014	-3.021742821
64.44741211	-0.044974792	-8.626036072
64.06954956	-4.427552795	-6.002770996
62.84161987	-30.06338806	-4.299217987
56.34284668	-63.53807983	-18.10858612
49.84831238	-47.52458496	4.176629257
55.36005249	-45.30984497	-28.71733398
38.89852905	-43.90419312	-14.22411804
50.70416565	-62.42114258	-7.966586304
39.74086304	-57.42697144	5.622369385
27.74381638	-58.07652283	-36.27856445
18.33829956	-86.45282593	8.600907135
58.80181885	-98.90910034	-39.51920166
45.2499176	-100.8836304	-41.33232727
62.58357544	-104.7497192	-23.79874725
50.50138245	-115.5274902	-29.80567932
-36.04373779	12.08339539	-12.86196442
-38.29596252	-23.03053436	3.664577866
-35.49768677	-32.66858826	11.46674652
-28.43453369	-44.94857178	21.81416016
-17.78053894	-54.4911438	30.48200073
-32.96174316	105.4158936	-66.07596436
-36.44194946	111.8377563	-62.53756104
-42.02516174	117.6251587	-54.58353271
-54.5661499	120.9240356	-48.61624756
-68.38051147	120.3339355	-41.4604248
-81.17733154	117.0697266	-33.63097229
-91.32283325	108.1919067	-25.19656372
-100.1238708	97.25880127	-17.0577713
-105.8871094	84.40910645	-11.13393784
-32.39635925	13.13964386	-37.18275146
-34.69661865	7.334500885	-33.00244751
-35.58211365	-16.24397278	-31.07544861
-33.42522583	-26.69385681	-34.02932739
-32.40028992	-33.28374023	-35.12095947
38.70499268	13.18209686	-14.74426422
40.27861938	-24.03730164	2.474556732
36.35436401	-34.26899109	10.88926392
28.34078369	-46.25832214	21.08239899
16.72635193	-55.3093811	29.99987183
32.30064087	110.1563599	-60.94734497
35.33500977	115.69198	-57.31962891
43.19431763	121.6145142	-50.42127686
57.58968506	123.4136719	-45.66630859
72.7574585	121.2434692	-40.08269348
86.59978638	117.2675903	-32.09953308
97.65549927	106.1081909	-24.38279266
104.026123	92.42703247	-15.05637054
107.7909302	77.76513672	-6.885181427
33.84308167	14.18526764	-37.91288452
36.51444702	6.102259827	-33.82578735
35.55297241	-18.4283783	-32.08973694
33.85419617	-28.77712402	-34.22091064
33.47064209	-34.4702301	-35.94209595
'PT_0236971_F_SAC_LO		
-32.8117218	49.29526978	-19.44961395
-29.07922363	30.83060608	-17.48921509
-50.25234985	-3.905610657	9.031980896
-7.608724213	-46.39168396	52.21901245
-7.237062836	-90.46113892	45.62692871
-24.48218689	85.0675293	-56.34526367
-27.21260986	18.41910706	-37.04430237
-30.84733276	14.54874115	-32.15845947
-44.12432861	-6.479891205	-15.48282318
-44.81016235	-42.97576904	-13.44131317
-111.3094482	59.00258179	-5.311947632
-68.10778198	1.166590214	5.873065186
-68.20893555	-3.178325081	8.744056702
-68.14393921	-24.73580475	17.72596893
-66.29514771	-57.1923645	9.898361969
-58.05658569	-45.39222107	27.41886902
-64.81596069	-37.46879272	-2.425477791
-48.58305969	-41.6099823	11.30295639
-58.36704712	-55.08789673	18.12445068
-44.70845795	-56.97600555	-12.27014923
-43.27156067	-90.5480896	30.5917511
-23.75577545	-74.47979126	43.14686584
-77.94004517	-95.98104248	5.893469238
-65.68955688	-101.7373596	3.068025589
-81.7624939	-94.2684021	21.86890259
-70.297052	-108.6603882	19.14958801
31.56221924	48.51357117	-14.51483917
23.68290405	33.47072754	-16.4908844
43.85084229	-4.866542816	13.37895966
-3.852944946	-46.55361938	52.07698364
-4.491595459	-90.39400635	45.98835449
28.33667603	89.69468994	-55.14615479
25.75783997	20.34980164	-35.22106934
29.96750488	15.71479034	-29.99107971
38.66132202	-9.047425079	-11.3186882
37.53317871	-38.77252502	-10.85461273
109.9167358	50.32695313	-1.286516094
63.73994141	0.282262349	9.55071106
62.68959351	-3.415713501	12.28195648
61.09727783	-25.30417938	20.77589111
56.71364746	-57.94171753	16.152742
50.94634399	-43.01055908	33.17388306
60.18121338	-42.78517151	1.701832962
41.60879517	-43.095047	15.44209595
50.04714355	-55.56015625	22.05320435
36.95012817	-51.92824707	31.69824829
37.97581482	-60.8056488	-9.193965912
12.14975281	-80.76983643	44.31340332
71.15731812	-98.85189209	12.01562347
54.70110474	-104.5950562	11.0878212
72.68129883	-98.03262939	29.27663879
63.11226807	-109.1502441	25.53353729
-42.31460571	12.11532059	-5.20758934
-50.11390076	-18.25399628	19.34390259
-45.42946167	-29.82794495	28.16746521
-35.25028076	-40.30247498	37.86983337
-22.02141571	-45.9411438	45.78548889
-23.77933197	96.67565918	-56.21030273
-27.51600037	102.4318115	-52.54480591
-35.83005981	108.6739258	-49.05889282
-50.84344482	112.3215454	-44.89841309
-68.02446899	111.5130615	-39.98217163
-83.02665405	107.4192749	-33.92565308
-96.54882813	101.2903687	-26.02698059
-106.1549805	90.47785034	-17.96309204
-109.5690063	75.93427734	-12.23615494
-34.61949768	11.13616562	-26.91206665
-39.95843811	3.919961166	-20.20791016
-45.36629639	-19.26107483	-13.4572998
-45.03335876	-31.34923096	-13.72972412
-45.06019897	-41.18083801	-13.53886108
36.71196289	13.84788208	-2.847436333
42.62711792	-17.97416992	22.6595932
36.66615295	-30.94833984	32.09050903
25.80117188	-41.55485229	41.89785156
11.56070023	-46.34470215	48.52016907
26.23132629	101.2545288	-53.22647705
30.25029297	107.0602295	-48.35089111
39.86771545	112.4882568	-42.78132019
56.74954224	113.440979	-38.78085938
73.84963989	111.2501831	-33.80617065
88.0822937	103.6365967	-28.41484375
100.0734863	92.43690796	-20.96619568
109.0084717	80.587323	-13.17481079
111.9467163	66.64800415	-7.316889954
32.43500366	12.15627289	-23.89754639
36.59256897	2.091037941	-16.14429016
38.76286926	-21.30071411	-10.29281158
37.84676514	-31.45490112	-10.429245
37.52471313	-38.47624817	-10.8859375
'PT_0220062_F		
-38.34607544	45.30994263	-28.77058716
-34.86808167	17.8601059	-18.78431396
-53.42098999	-52.64692383	14.10710297
-2.433421326	-92.1036499	59.13029175
-1.945904541	-132.7062988	53.57746582
-27.26967773	63.01939697	-62.7006958
-23.50681458	-0.024571092	-39.60073547
-34.8039978	-16.23877716	-32.35858154
-46.55145569	-44.88903503	-15.94995575
-45.79208679	-77.77785645	-13.92132111
-119.3267334	34.50040588	-15.1442276
-74.63999023	-24.48330841	-3.189200974
-74.58555298	-30.55422058	-0.242576528
-71.59594116	-70.8737915	19.8345871
-67.92567749	-105.4094727	10.58966599
-59.14967041	-85.77901611	30.71585999
-67.79420776	-88.15702515	-3.252151108
-49.15061951	-85.03776245	11.88570862
-59.87835693	-102.3609741	20.22503052
-43.7534523	-95.11132813	-14.14016724
-39.59252014	-133.1643799	25.92516785
-20.1856842	-127.1141724	44.6961731
-72.36553955	-149.1804199	3.419647598
-54.17695313	-154.9589844	1.003654289
-72.12276611	-152.8852051	20.54274292
-59.56871948	-161.3657104	14.67440948
33.89888611	48.62641602	-27.13742981
34.37937317	21.23944397	-18.02749023
56.17884521	-52.44663696	18.65411072
0.671159983	-92.22529297	59.64710083
2.677733231	-132.5725098	53.17679443
32.64178467	65.42388306	-61.41828003
27.28641357	-1.207104874	-35.98215942
36.74546204	-13.92142334	-28.63544006
50.27383728	-51.32520752	-11.14957733
47.0537262	-82.36279907	-13.53194427
120.4937744	41.11711731	-13.06192169
74.93723145	-19.67685699	0.105074668
75.42467651	-31.68754272	5.54744606
74.36246338	-70.97907104	19.53582306
69.54232788	-105.937439	15.30636749
62.4763916	-85.81290894	32.37875061
69.71658325	-88.14141846	-1.758142853
51.52692871	-86.41292725	12.87997131
60.53058472	-100.9816711	24.08222504
47.89116821	-96.80848999	32.7625061
44.69702148	-96.92176819	-13.06985474
20.53575745	-128.3702026	45.1209259
71.58161011	-148.0988159	3.416087341
55.17243042	-153.2073608	-0.409557199
71.55331421	-153.8157959	22.02297668
61.01785889	-161.4894409	12.68088226
-46.99715271	-21.25106964	-5.600639343
-51.14993591	-63.31882935	20.80761871
-46.17019348	-73.56593018	29.14888916
-35.0755127	-84.35222778	41.92097778
-20.21692657	-91.13545532	52.63834839
-27.73085022	74.06064453	-63.00523682
-30.91951904	80.88115234	-56.9362915
-39.85715637	87.99833984	-50.3281189
-54.8041748	91.2401123	-44.56097107
-72.32302246	90.85911255	-40.60826416
-87.42789307	86.27387085	-35.13879395
-100.180896	77.94932861	-27.78468933
-110.9858521	66.30615845	-21.96585541
-119.069458	54.67099609	-19.41918182
-38.39674377	-20.43490753	-28.2036499
-43.2901886	-30.41478271	-21.78143616
-47.6160614	-60.72984619	-13.47717285
-46.6035675	-72.04075317	-13.6707428
-45.63254089	-78.16627197	-13.95224915
47.8048645	-17.56289825	-2.822909927
53.63158569	-61.3279541	23.71465302
49.00118103	-73.24259033	33.38690186
36.66773071	-84.33835449	45.66088562
20.13686066	-90.92434692	55.3894165
29.50171509	76.08724365	-59.01329956
32.11634521	82.99898682	-51.94731445
41.13061829	90.22023926	-44.62330017
56.39450073	90.29942627	-39.64768982
74.31081543	90.30344849	-35.48047485
90.14554443	87.92427979	-31.39493713
103.3163818	79.34534302	-25.67088623
113.8677612	69.62266235	-20.07458038
120.7156128	59.52982788	-17.31644135
41.08405457	-19.84079285	-24.02801361
47.31240845	-34.60162048	-15.61891174
49.80259094	-65.5572876	-11.03451767
48.26678772	-75.31611328	-12.28286285
46.94325867	-82.07766113	-13.33050995
'PT_0008620_M_SAC_LO		
-22.55168457	69.56000366	-2.349781609
-15.66003571	40.73919373	13.60348816
-36.89142151	-18.45228577	43.08647766
12.75398712	-68.62890625	92.94606934
11.84942093	-110.2658081	77.75495605
-15.37685089	98.112854	-51.82538452
-11.99844742	12.13371048	-8.693608093
-22.13738708	3.824851227	0.219611096
-32.19837646	-16.60738678	13.61935577
-29.36786194	-53.65626831	12.51666412
-119.2404419	76.23261108	-0.602759409
-65.97684326	16.54947662	23.33291016
-65.69124756	6.543328094	28.25475769
-65.15025635	-35.38549805	45.507901
-61.67756958	-78.08695068	38.71141357
-50.23439331	-59.52335205	59.16829834
-64.13815308	-51.95	22.47764282
-38.89856873	-54.65592651	37.46156311
-51.75947266	-73.38247681	49.47447815
-27.74555969	-75.44099426	14.73616791
-25.8405365	-109.7702393	52.28452759
-11.97303162	-101.800238	69.4859314
-59.93884277	-116.2255249	16.48447571
-40.81027832	-122.5834106	15.16596985
-67.72706299	-124.3626587	32.7468689
-51.24092407	-133.9108521	23.8747406
54.70016479	70.9093811	-2.726510048
50.95484009	43.71743164	12.83309326
65.6755127	-19.496138	42.75410767
16.36193237	-68.94262695	92.35175781
14.4874527	-110.2299316	77.29832153
49.87612	95.36480713	-51.91029663
44.10079651	14.45480499	-9.677539825
49.67955322	2.116815186	-1.097436142
61.45060425	-16.1200119	14.85895081
58.36925049	-51.55003052	14.77621307
151.1946289	65.49026489	6.595597076
96.68553467	14.6396637	27.55943604
96.42649536	4.159257889	32.01994019
94.26749268	-38.3773468	46.46716919
89.64631958	-82.06016235	42.31420593
78.24801636	-61.36784058	59.3440979
91.86508789	-61.73744507	23.12381134
67.38305664	-59.0661438	40.37470093
79.43115234	-76.15169678	51.79453735
62.59346313	-70.89177246	59.86298218
55.98954773	-76.31227112	16.28442383
34.57373047	-107.7997559	68.83939819
84.19330444	-125.6527466	18.93849792
65.44807739	-128.7141357	18.44696198
91.99173584	-130.7286133	38.03999329
73.31525269	-141.7153442	31.77444763
-29.40579224	7.613085938	24.6696106
-37.44207458	-28.3459137	51.86959229
-33.49932251	-40.96749268	60.34130859
-23.06666107	-56.41154785	71.87891846
-8.208507538	-66.815802	84.29191895
-14.8262619	111.5823242	-53.7802002
-18.56230316	119.9903809	-47.71704407
-28.93500671	127.763916	-43.17276001
-46.81783752	130.9298096	-41.84948425
-68.09360352	130.1409668	-40.39907532
-86.631427	125.6754517	-37.90939636
-101.3792786	116.838208	-30.47001343
-112.5910278	104.9977783	-21.58903503
-119.6259033	92.68536377	-12.06004791
-25.21253204	1.733328056	3.217963791
-29.44640198	-4.439255142	9.090353394
-32.54114685	-31.46486816	15.07992096
-31.18251343	-43.6927002	13.68152008
-29.63122559	-52.69187622	12.3877182
59.52664185	10.49318771	23.52930756
66.11425781	-28.81488647	51.7366272
60.25274658	-43.32244873	61.93636475
49.41755981	-58.10734253	73.50583496
34.46175537	-67.2539917	84.40345459
49.85734253	111.0481812	-53.77356567
51.96938477	120.1392456	-47.73453674
62.89923706	128.4549561	-41.08108826
80.99244385	131.6949829	-37.51208191
102.3573486	129.2470947	-36.3183075
121.0651733	122.8532837	-31.72019958
136.1420654	110.4338867	-24.07696075
147.3536011	96.73617554	-14.94945221
153.3914185	82.78040771	-5.979324722
53.81116333	1.829347992	3.442444229
58.73967896	-5.367939377	10.71070938
61.85194702	-33.17136841	16.21214142
59.80974731	-45.1502594	15.37360992
58.67434082	-51.19787903	14.61753693
'PT_0006876_M		
-25.82455444	67.47416382	-29.1504425
-27.032724	42.02169189	-12.94196472
-45.45691528	1.27184906	25.36636963
-0.206358886	-31.45663452	76.87244873
0.572442865	-77.59498291	77.79500732
-20.90694885	81.51308594	-70.74968262
-21.26278229	19.04918671	-26.14754639
-29.31495667	16.69640808	-18.65360413
-42.0193634	-3.800134277	1.945252609
-40.80314636	-40.29889832	6.620162201
-114.2706421	61.18840332	-12.19789658
-70.74470215	19.17312927	10.91421051
-71.04595947	13.8567276	15.45279541
-68.43002319	-17.80704803	36.72621765
-62.8206665	-55.07402344	36.15229797
-53.89020996	-32.40673523	52.51669922
-65.46016846	-37.6036438	18.58499908
-45.60384216	-34.10546875	33.0447998
-53.42567139	-48.45422668	43.71002808
-40.57196045	-53.29059219	8.108612061
-32.67232361	-86.09264526	51.83984375
-17.06002502	-80.51972046	65.37384644
-70.66483765	-96.61687012	21.23447876
-55.04123535	-99.13033447	18.52521667
-74.24243164	-97.91428833	36.01083069
-63.72936401	-108.6921265	32.35143738
33.09396362	66.57028198	-26.91748657
31.02897034	40.2614563	-13.51445007
50.08709412	-2.038219452	26.59492188
2.207459831	-31.44529419	77.12103882
2.89305439	-77.68530273	76.97212524
26.05775146	82.540979	-71.6965332
28.02591858	17.57568512	-24.68124237
34.41632385	14.23596649	-18.4371933
45.05241394	-3.744311523	0.788735247
42.84668884	-41.59246826	6.870940399
118.3253784	64.18170776	-13.1580246
74.56629639	17.70739746	10.36498108
74.56466675	11.39976349	14.67327118
71.54384766	-20.36060791	35.53809814
65.10460205	-57.14129028	34.48709412
56.8651062	-33.52498474	51.56601563
67.287323	-42.14193115	18.06321869
47.89030151	-36.65078125	31.21227722
56.45958252	-51.03258057	43.63640747
44.36238403	-43.061026	54.37011719
43.32468414	-55.55368042	8.494979858
20.98659668	-81.62490234	64.30667114
70.76329956	-100.4311218	20.22752991
56.42713623	-101.9478699	18.45446777
74.96293335	-103.1308472	37.5258606
62.2829834	-112.5848511	32.46878967
-41.04264832	19.49114227	5.331501007
-43.99807129	-8.809532928	36.37893372
-39.19541626	-16.82394867	48.53936157
-29.79510193	-26.38926086	62.03170166
-16.38250122	-32.07367859	71.25961914
-19.46398468	92.04072266	-72.48682251
-21.83720856	99.9407959	-69.14467163
-31.02195435	107.7888672	-65.57578735
-47.08632813	111.2873779	-63.10840454
-66.07134399	109.2257324	-59.69589844
-83.5618042	104.4148193	-54.78168945
-98.15388184	96.3491394	-46.05627441
-109.7758545	86.57084351	-35.53680115
-117.0293213	75.83511963	-24.71279602
-33.37189636	14.2335434	-13.794487
-38.63874207	7.384690094	-5.832913589
-42.77610779	-17.18459778	4.975997162
-41.35159302	-29.27818909	5.86382103
-40.79239502	-38.78781738	6.49704361
44.25814819	18.96588287	4.096595383
48.45516052	-10.10845642	35.34241028
42.49663696	-18.35992279	49.06018372
32.35047302	-27.5290802	62.42451782
18.01433411	-33.26239319	71.48696289
23.03348236	94.89868164	-72.42087402
28.3221283	102.7676147	-69.47217407
38.83082581	108.847644	-65.43898315
55.25487671	110.7978149	-62.70455933
72.97827148	108.5457642	-59.0654541
88.7135376	104.728833	-51.64175415
102.2922974	97.50379028	-41.60619507
112.6661499	88.78987427	-31.37071228
119.1766113	78.75568848	-23.336203
37.44676819	12.02880859	-14.07299347
42.13450012	5.343233871	-5.656867599
45.31951599	-19.12093048	4.432965088
43.76802673	-31.4131012	5.745064545
43.11957092	-39.9286499	6.490274811
'PT_0005920_M_SAC_LO		
-50.93017273	77.85441284	-11.23695602
-46.36615906	61.38903198	-3.926783371
-61.53692627	-4.642100525	27.15150757
-20.92749176	-55.97677002	62.61599121
-18.06761169	-94.08190918	51.67111816
-39.70993652	116.2496826	-47.80737305
-42.81519165	33.07586975	-22.51001587
-47.79784546	25.39507751	-15.59889526
-57.92699585	-2.190820122	-0.889424896
-54.11256714	-48.73177795	-4.316022491
-137.4332275	75.04890747	-0.50108676
-88.65314941	12.02311401	17.23336792
-87.57883911	5.863304901	19.4888382
-82.59400024	-27.83510742	31.468573
-82.46955566	-65.6257019	17.27870941
-71.49631958	-45.8828186	41.09247742
-80.55757446	-41.89023743	4.129090118
-59.74165039	-46.01358337	20.68815155
-74.42520142	-63.5862854	28.23561707
-55.32377243	-63.98802185	-4.52571106
-55.8223877	-104.3384155	33.04729309
-36.45046082	-91.7736084	47.06459351
-87.40863647	-107.274292	-0.395045495
-72.50003662	-113.8259277	0.808807659
-90.88590698	-116.9576782	17.01910553
-74.49579468	-124.6890991	18.5668045
12.57819138	79.73634644	-7.065398407
9.622202301	59.5032959	-0.055221075
26.09517822	-4.046192169	31.00370483
-15.78639221	-55.65758667	62.64373779
-13.81426239	-94.35873413	53.17267456
7.270105743	118.6684082	-49.16479187
6.422426605	30.49298096	-19.53806305
11.91721802	24.79545288	-13.35560303
22.83898468	-3.657899475	2.023258591
21.40479431	-43.94788208	-0.847391319
102.4366699	74.27733765	0.107854307
53.64390869	15.67342834	19.92670288
52.09684448	9.123360443	22.52432251
49.51282959	-25.49673462	32.36046753
49.34555664	-63.24745483	23.30036316
36.47078552	-47.94130249	44.79572754
46.70153198	-39.8115448	9.782659149
25.72122192	-45.10717773	24.80125427
40.69552307	-61.89030151	34.09019775
22.61551361	-58.15750732	41.82289124
22.54431343	-59.71794891	-1.689941406
1.60226841	-93.694104	49.37124634
56.84204102	-107.1308105	5.270966721
42.24072266	-116.7035767	6.409967041
62.02017212	-114.6240845	23.73933716
47.01492615	-124.3875977	21.45461121
-58.50874634	24.7395813	10.06997604
-59.02019043	-17.25861511	35.70643616
-54.64354858	-27.72576294	43.76418457
-46.62153931	-40.85435486	52.2329895
-36.19177246	-50.94519348	57.15320435
-43.26533203	123.5523682	-48.96213684
-49.20999451	127.5554321	-46.32001343
-58.13428345	130.3681763	-44.15742493
-73.71727905	131.4700684	-42.10088806
-91.88225098	129.6104004	-38.93261108
-107.7020386	123.8213867	-33.65788574
-121.4612305	115.1594604	-26.36949158
-131.9808594	104.055957	-17.46829376
-138.590564	92.27879639	-8.772372437
-50.76195984	21.57622223	-11.69768448
-55.45778809	12.63850937	-5.625901031
-57.3659668	-18.76755981	-1.624267197
-55.65275269	-33.16714478	-3.529496002
-54.28580933	-45.04993591	-4.261982727
20.47897339	25.92425537	12.09812546
24.62230682	-15.35640869	38.69856262
18.98881683	-28.82081299	48.05495911
10.4688385	-42.38911438	56.71173706
-0.849465561	-51.89517212	60.47005615
10.02863846	125.8778198	-48.21984863
15.10448456	129.1761719	-45.07575378
24.31143799	131.4508789	-43.46411133
39.91827087	131.7175293	-40.76870422
57.4583313	129.0890381	-37.23247375
73.52297974	124.2224609	-31.83235168
87.73505249	114.5651001	-25.06017303
97.31342773	103.2161255	-15.98679047
103.4722534	91.86413574	-7.139737701
15.12625427	20.80302734	-9.123303223
19.98777313	9.967163849	-1.377876091
23.11359406	-19.49115448	1.635374451
22.03255463	-32.26923828	-0.632911539
21.41745758	-41.64495544	-0.865730953
'PT_0004002_F		
-17.09645538	87.62645264	-19.42959137
-12.30473862	58.43101807	-7.946180725
-30.2704895	-4.664215469	28.90805054
25.96891479	-43.2073761	78.16317749
26.17340698	-86.8083374	63.45031128
-12.70181808	104.124646	-63.56607666
-8.213876343	32.55435486	-29.54933472
-14.16109467	27.31361084	-22.86942902
-26.90454102	2.203516769	-1.019196129
-23.24803009	-38.57680054	-1.122504711
-109.6691772	84.9388916	-9.568721008
-55.54281616	17.98966217	11.88895264
-56.672052	10.14855347	16.4271347
-55.58027344	-22.53443604	30.96111755
-49.21239624	-60.84642944	25.80698853
-40.36568604	-42.8561554	45.4004303
-53.16463623	-42.09757385	11.12469482
-29.89933167	-38.56030579	25.83909302
-40.20731812	-55.12564087	36.4527832
-22.54284477	-45.54168701	-1.198860168
-17.78838348	-93.41037598	33.66652222
-0.893675041	-82.26677856	51.40146484
-50.75366211	-99.9973999	2.206152916
-35.44338379	-107.6325439	2.753442001
-52.31541748	-110.3762207	27.08249207
-40.80703735	-118.0805786	19.75884094
55.75439453	90.44996948	-23.36397552
57.81986694	63.44719238	-10.01982803
79.87867432	-5.86612587	22.62688904
29.76307373	-43.93154602	77.39282837
27.86383362	-87.05785522	62.29244995
49.9753418	106.1706787	-66.63591919
51.22287598	33.2117981	-31.55022888
60.42207642	27.12098389	-27.28887939
71.90748291	3.070237541	-8.378189087
69.78218384	-39.65375977	-10.38385696
147.3110229	85.00724487	-26.36802063
100.9377197	21.94272766	1.749289894
103.2731201	12.76480942	6.500405121
104.1673096	-20.98795471	20.18162842
97.7253479	-60.28170776	16.09934235
92.08696899	-38.62747192	35.61237488
99.3982605	-42.61636047	-0.407266331
78.56269531	-38.68483276	15.80825348
89.18272095	-53.32786865	27.34753113
74.95819702	-51.67265015	36.51447144
68.35152435	-49.8891449	-9.511833191
53.21226196	-83.97971802	48.30020752
99.74417725	-103.5932007	-6.315455246
82.49017944	-112.6	-3.603023529
104.6413452	-110.4184204	13.57327271
88.24616089	-120.5119385	11.92216034
-26.81051025	24.43569946	8.200382233
-28.46659546	-14.81105804	36.36777954
-21.83358002	-24.72773285	44.41334229
-10.42017059	-36.71309204	56.37136841
5.272416687	-44.29857788	68.89920654
-15.48835602	116.9670288	-66.60294189
-18.34110107	125.89646	-62.11584473
-27.49468689	133.9181641	-54.68013306
-44.63264465	136.9546997	-52.50471802
-64.88135376	138.4098999	-50.02495728
-82.02244263	133.4122437	-45.30512695
-96.12325439	124.6223022	-37.25167542
-106.5581421	114.7398804	-26.8878479
-113.1963989	102.7958496	-19.39126587
-19.89720154	23.97027588	-18.35827179
-25.00491638	15.70568237	-8.83523941
-27.73344727	-14.09105835	0.687701511
-25.9519165	-26.85837097	0.061067569
-23.88531342	-36.3355896	-0.86561327
73.12158203	28.11257935	0.861728859
78.48341675	-14.02139587	27.35499573
73.54249878	-25.31837158	38.18161316
63.83502808	-36.7849823	52.77203979
49.21774902	-44.32747192	67.23676147
52.36992188	118.8158813	-67.92086792
54.56287231	126.5671631	-61.89903564
64.74727783	134.7236816	-56.06741943
81.35611572	138.6196167	-56.45033569
100.5069214	139.6233398	-55.14664307
117.0528198	135.6943604	-52.37754517
131.0927734	126.0838013	-46.73615112
141.0707397	114.2916748	-40.60724182
147.2073486	102.5296753	-34.05458984
64.30055542	24.56619263	-22.15533447
69.22252808	15.22505188	-13.68202362
73.15888062	-15.02928009	-7.62779007
71.33646851	-27.95024414	-8.463113403
69.82463989	-36.77728577	-9.975978088
'PT_0004001_F		
-18.82943268	65.21117554	-41.44294128
-23.58712158	42.67707825	-27.77264709
-45.25195618	-7.731439972	21.48907928
17.87456512	-23.53675537	78.71987305
16.59716949	-72.11031494	87.80152588
-14.6002182	81.83498535	-80.7482605
-12.67639923	10.85672684	-35.49576111
-20.02587585	5.648359299	-32.36395569
-37.54298706	-11.55167313	-14.51469727
-30.28061523	-51.9614563	1.349357605
-110.0276733	64.04408569	-15.50084991
-64.87821655	-7.134391785	12.96603088
-65.53890991	-14.06006012	15.76232147
-61.25090942	-23.99701233	25.45973511
-52.28711548	-61.71414795	28.9450592
-48.50403442	-33.16147461	42.10827026
-53.94854126	-50.00772095	7.807714844
-36.72574158	-39.68408203	24.9500473
-46.14500427	-52.83650513	38.21782227
-24.42679214	-70.17282104	10.13018417
-20.16851196	-78.11661377	66.61711426
-7.329447937	-62.03704834	76.18825684
-59.76965332	-101.7585693	53.60332031
-39.91532593	-109.1571167	52.79129028
-59.19111328	-98.7546936	69.36689453
-43.85265198	-109.4658569	71.55584106
50.57766724	59.44700928	-41.73426208
55.0472229	43.35610962	-31.14205933
78.74559326	-5.140234756	21.19424744
21.67921906	-24.40384979	78.54177246
20.09259796	-69.73774414	86.65040283
48.15428467	82.20583496	-85.29874878
46.33974915	12.47564468	-38.31370239
52.61104126	7.054653168	-35.74130859
72.14329224	-10.47020264	-17.41714325
68.1281189	-52.17944946	-0.368128109
143.863147	70.07408447	-20.02655029
96.85644531	-5.279471207	14.01720886
99.04252319	-11.35567322	16.97858276
96.05157471	-20.16154022	24.2285965
91.92113647	-58.83400269	28.14543457
84.35211792	-28.43079224	39.83595581
93.31036377	-50.31777344	9.923448181
73.22745972	-38.82761841	23.41918793
82.7932373	-49.47960815	37.42666016
76.0236145	-40.04003601	45.44965515
66.22997284	-69.85283661	9.027145386
46.79375305	-63.10853271	72.94509888
101.9450012	-99.63590088	51.37018433
88.65951538	-106.8461304	53.20614014
103.8375488	-89.42409668	64.09243164
90.72950439	-106.3187134	71.79745483
-41.50353394	12.73805161	-7.115842438
-42.38103027	-14.77454681	31.59690857
-35.26012878	-19.07303162	45.40525208
-21.93216248	-21.94315643	61.69580078
-4.444116974	-25.9562561	74.72811279
-15.92020569	107.9716797	-70.97124023
-22.90110626	109.6452637	-73.36599731
-31.57735596	110.4263794	-73.99889526
-49.47130127	111.9206909	-73.49552002
-70.87473755	115.4179077	-69.16011353
-89.07583008	115.3442139	-59.15288696
-104.5976196	111.5623901	-46.46990662
-115.3697876	100.9180847	-33.49275208
-118.717981	84.64920044	-24.3699234
-26.53404541	5.084208679	-30.12546387
-34.51540527	-0.500681257	-23.2326828
-36.9107666	-26.72763062	-7.378172302
-33.70070496	-39.34542236	-2.719567871
-30.92513123	-49.11181335	0.605788374
73.78915405	16.98262177	-9.445793152
77.45263062	-11.71102524	30.58035889
71.01841431	-18.2059906	43.05232544
58.4973877	-22.22855072	58.4255127
43.09527283	-26.69793701	72.33435669
47.46451111	98.45111084	-86.77054443
51.28723145	108.197937	-78.73892822
61.55483398	111.3436279	-79.39078369
80.18101196	113.63302	-75.95794678
101.2536438	118.8923828	-71.38743286
120.0824585	118.6354614	-63.16422119
136.0327393	114.2297974	-51.16061096
147.2870117	104.3135132	-38.35661316
150.8079834	89.54402466	-31.27722473
59.74563599	6.095541	-33.22727661
68.88815308	-0.618785334	-24.94043427
72.40062256	-26.84624939	-8.898994446
70.3822998	-39.6553833	-4.381007385
68.87584839	-48.69841919	-1.733904648
'PT_0003105_M		
-53.93434448	86.15453491	-49.74030762
-56.20062866	48.37704468	-24.42936096
-72.96358032	-3.830703354	24.3949707
-26.41022644	-37.81446838	83.85443115
-25.79673157	-84.72720337	78.98095093
-55.82449951	87.33516846	-82.3093689
-49.60454407	15.51617737	-36.77406921
-55.28075562	13.75128632	-29.5196228
-66.10115356	-4.211452866	-7.171546173
-63.71640015	-45.22698364	5.465990829
-146.9254639	75.37619019	-25.44279175
-92.88311157	12.75800323	5.946803284
-93.68765869	7.9637146	10.21483994
-93.61888428	-19.45160828	33.46701965
-87.84819946	-59.29396362	31.54263306
-81.56229858	-39.89704285	50.62693176
-88.66373291	-39.43824768	13.56557159
-70.12107544	-39.1490509	32.52799988
-81.2774292	-54.83289795	40.51665344
-63.05434799	-64.21278381	10.71386719
-56.19443359	-93.47814331	62.23027344
-42.43248901	-78.86428223	73.04393311
-92.42832031	-103.8168335	26.50333557
-76.65116577	-105.6999634	22.36044006
-99.00575562	-106.511438	46.18983459
-80.46500244	-118.1602295	48.20478821
9.020826721	86.49558716	-49.64474182
13.22145538	51.86758423	-21.39027405
26.08991699	-0.940549374	29.53014526
-23.12454987	-37.57796021	86.39506836
-22.01074829	-83.41278076	80.31596069
10.77073364	83.5342041	-80.46884766
4.855241013	18.03731842	-35.73180237
10.40233917	15.69999695	-29.6444397
23.69201355	-0.772379398	-5.997699738
21.26052704	-46.70657654	9.78963623
100.9180176	74.70087891	-20.46708069
48.19112244	19.42622375	9.964683533
48.63959351	14.20569458	14.85358429
44.14538269	-13.82458954	41.05828247
45.102005	-52.26226807	33.82202148
33.72606812	-34.0086792	55.75892944
44.99899902	-31.83705139	19.62816925
24.53746033	-33.08589478	35.49885864
35.69395447	-48.91452026	45.33702698
19.2881012	-41.7055603	59.07843018
20.88137436	-61.52028275	13.21304321
-2.829186249	-75.92340088	74.33322754
49.6387085	-96.79007568	28.65834351
35.9743988	-102.9019653	29.03060608
56.80463867	-100.1468201	52.57943115
36.58226929	-113.2677002	49.5755249
-67.2670166	19.23196716	-1.144851017
-71.36619263	-13.93800049	35.98231201
-67.24699097	-22.01024628	50.00520935
-57.66483765	-32.30629578	65.26279297
-44.32488708	-39.00750122	77.02178955
-55.08661499	99.40272827	-83.69871216
-56.59475708	109.1589111	-79.77339478
-63.22688599	117.9562622	-70.90003662
-77.05776367	121.6924927	-67.53059082
-94.34680786	122.1635254	-62.60361938
-110.787439	119.8159302	-56.19530029
-125.6105469	113.3435791	-48.20505066
-137.6930298	104.1138428	-39.74156799
-146.8265259	93.94034424	-33.10569763
-58.10992432	11.91189728	-24.56725769
-62.24505615	6.472280121	-15.89778442
-66.7592041	-20.06251678	-1.317128563
-65.58690186	-33.71035156	1.988626671
-64.08153687	-43.66701965	4.945362473
22.06260681	24.03724365	0.738259602
24.51227112	-8.98165741	39.12394409
18.65674896	-18.67681274	53.46896973
8.176956177	-28.82460938	68.62874146
-5.737431717	-37.49198608	80.03131104
11.21847305	98.13005981	-83.35643311
12.76025314	107.3085571	-79.05116577
19.36278992	115.0480469	-71.93139648
33.47790833	118.1667236	-67.71566162
50.5183075	115.5864624	-63.52111206
67.05653687	112.6122314	-58.35383301
81.59535522	106.9110474	-49.20551453
92.56257935	99.5284729	-39.05207825
99.90668945	91.02444458	-30.2015686
14.64091034	14.22365875	-24.45714264
19.91806335	8.247049713	-14.07103729
23.90939331	-17.61277008	0.781534863
22.76753387	-31.46709595	4.500670624
22.04076691	-41.48803711	7.576525116
'PT_0003081_F		
-60.33724365	64.3336792	-52.74402466
-62.40776978	37.24701538	-38.58881531
-78.69793701	-30.39316711	5.045578003
-33.13905334	-62.75025024	49.70301514
-34.81245422	-102.3898682	47.27496948
-56.10505371	79.39966431	-87.55586548
-57.57487793	9.455762482	-56.2635437
-64.89180908	2.13911972	-48.93453674
-74.33128052	-27.49723206	-27.75959778
-73.41467285	-62.66134644	-25.08800507
-147.4376343	67.37080688	-28.70265808
-97.64587402	-16.66750946	-6.532259369
-97.26206665	-25.83145142	0.054206377
-100.0329041	-45.56780701	6.8152565
-98.43464966	-81.21760864	2.081072617
-88.71151123	-64.16462402	22.18211365
-96.65720825	-62.42276611	-12.35151062
-76.42182617	-64.26437988	2.046082687
-86.58306885	-76.54580078	11.8532753
-74.69553375	-79.1844635	-25.38723755
-71.17633057	-115.5377808	15.53916626
-55.52550049	-102.608313	34.05031738
-105.9438477	-124.4280518	-7.509078217
-91.76951904	-128.9085083	-9.074362946
-107.4873535	-125.4971802	8.932537842
-94.11416626	-139.8921875	6.993430328
0.134736145	64.12737427	-52.21269531
2.33290081	35.54248962	-37.17901611
13.57654877	-34.65455627	4.20955658
-30.67554016	-63.11866455	50.94423523
-31.57109985	-101.2555664	47.11150208
-0.177355695	78.80422974	-90.29246216
-5.307698059	8.190785217	-56.45374146
1.526242352	0.752620697	-48.67863159
10.19847946	-30.72149353	-30.34875793
4.591671753	-64.74494019	-28.53907776
93.33267212	57.887146	-45.97046814
33.73999023	-22.15943298	-10.95650024
33.25688477	-31.39589539	-5.826784897
32.24486084	-48.70856018	2.010956573
28.58818054	-84.56502686	-0.731317949
23.02384796	-64.14992676	18.45561371
29.33260193	-66.50023193	-16.54829102
8.84048996	-65.44018555	-1.380934143
19.1663147	-78.44291382	9.724865723
13.06780701	-74.03545532	17.8564209
4.70586586	-81.90419769	-28.64878845
-14.072995	-105.9020752	34.64727478
32.42432556	-125.8307007	-15.62692261
18.78591919	-134.3033813	-11.72871246
36.88173523	-128.9379272	0.441604424
22.70726166	-141.2281494	1.062128067
-72.9052124	-1.514240837	-18.56922913
-77.17114868	-39.62259521	13.13135681
-72.99724121	-47.36833496	22.58159332
-63.80830078	-56.62796631	34.35585938
-50.48912964	-62.76309814	44.51994629
-57.87884521	89.24946899	-88.79575195
-61.34662476	97.01826172	-86.25151978
-67.35531006	104.9817627	-78.8071167
-80.91184082	109.0208862	-73.44382324
-97.1012146	109.3327148	-66.55310669
-113.0927124	106.3905518	-59.9522644
-127.4570435	101.7424744	-51.3034668
-138.9290039	94.27098999	-41.47168274
-145.8808472	84.88411865	-33.29091797
-67.71541748	-2.195391655	-43.59399109
-71.53882446	-12.22658386	-35.09633789
-75.34251099	-42.29554443	-25.48447113
-74.38395996	-53.83265991	-24.94220123
-73.38167725	-62.21984863	-24.98087616
11.95440063	-1.690445328	-19.98507385
11.99829636	-41.50013123	11.0666832
8.0061203	-50.08714905	20.76759491
-1.291004086	-58.73063965	33.13283081
-14.84187469	-63.50794067	43.7389801
1.43735857	89.85933228	-90.77180786
5.262597656	97.07924805	-86.81124878
13.76548767	102.4024658	-80.23178711
29.43255005	103.5583862	-78.1352356
47.23504944	103.4291748	-74.31799927
62.86585693	98.62512817	-70.2677063
77.03432007	90.70494995	-63.84282227
88.30077515	82.8751709	-57.7835022
93.48139038	73.12523804	-53.56244507
4.452294159	-3.932524872	-44.04032288
8.415641785	-16.35783997	-35.45897217
8.495483398	-45.43874512	-28.73258057
6.539124298	-56.03461304	-28.7429657
5.007946396	-63.43522339	-28.71339417
'PT_0176227_F		
-30.03417053	68.13401489	-38.48890381
-28.77359314	47.70302124	-25.4994278
-53.89960327	-0.06289553	22.86290894
-3.480128098	-29.6077301	75.71629639
-2.672454834	-69.29660645	72.08294067
-23.36654205	82.0713501	-72.53510742
-16.30783844	30.1164032	-39.20560608
-25.43446045	19.74418488	-33.64774475
-43.05664673	-3.585084534	-7.346659088
-42.0540863	-49.17166748	5.4247612
-116.201355	61.40684814	-11.88849182
-70.39416504	10.54263	9.663882446
-69.92266846	5.696115494	14.78429413
-71.68452148	-15.22204132	26.57409363
-65.35742798	-51.19159241	32.16666565
-57.85770874	-34.03969421	44.98558044
-69.04855957	-37.17636108	11.22391357
-49.51865234	-34.14111938	24.18078461
-59.74920044	-47.67729492	35.673172
-42.25474548	-51.51979828	6.225463867
-38.3991394	-80.70900879	50.55907593
-21.38196411	-60.75693359	64.40198364
-66.24314575	-90.83897095	22.33434296
-53.18883667	-92.16978149	20.25677338
-69.90470581	-93.10291138	42.30180359
-55.26811523	-105.0368286	44.4075592
33.831073	69.74004517	-36.05889282
34.04794312	52.74602661	-24.58116455
52.71499634	-2.419067192	26.41672974
1.05401659	-29.48840637	76.46026001
-0.546584272	-69.35150757	71.39087524
25.84124146	84.6704895	-69.63433228
20.15281372	32.82451782	-37.91041565
28.37780762	20.89873199	-31.86756287
42.57592163	-1.412671185	-8.150495148
40.24226074	-46.21869202	3.616006088
116.1020996	57.77095947	-8.755001831
70.56971436	11.06186752	8.379256439
69.11539307	5.927765274	14.51129456
70.20269775	-14.35057526	27.34734192
64.83141479	-51.71908569	29.14158325
54.02120972	-34.75177307	46.64605103
66.00478516	-36.49934082	13.0894043
46.27374268	-35.96164246	28.80001221
57.41576538	-48.08552246	37.18491821
46.00741272	-43.54402466	44.26135864
40.45030594	-54.84369659	6.360588074
17.47874298	-61.8947998	64.75294189
66.15632324	-90.03678589	24.95191956
49.19826965	-95.22797852	23.03653107
66.47907104	-92.1168396	47.15010681
53.55437012	-105.1211304	41.93070679
-45.66082458	19.75313721	-1.499809933
-52.63637085	-7.438729858	32.84111023
-47.68466492	-16.29364014	42.72543335
-37.7231842	-26.16216125	56.1124939
-22.29523621	-30.6725769	68.33499146
-23.88708801	92.2991272	-75.22865601
-27.79176636	99.14900513	-73.7321106
-37.00751953	105.1942017	-70.33439941
-51.23612061	107.0991577	-66.18897095
-68.34204102	105.9468018	-60.69697266
-83.50539551	100.8495605	-53.07886353
-97.58062134	93.54075317	-43.64645081
-109.6599487	85.0617981	-33.65217285
-116.6151001	76.10643311	-23.50779266
-31.02355652	16.24099426	-27.26135559
-38.01491394	8.474144745	-16.03063049
-44.04003601	-19.99894257	-2.55817318
-43.12601013	-34.49634705	1.01046114
-42.29096375	-46.26289368	4.50056076
45.57331543	22.05721283	-2.578750038
50.16653137	-8.236205292	33.91855469
43.36963806	-17.74746399	45.78798218
33.26778259	-25.76817932	58.20689087
18.24996796	-30.47389526	69.40248413
25.17613678	95.24650269	-71.0859436
29.15227661	101.4783508	-69.115271
39.81583252	107.3540894	-65.49073486
54.95545044	108.7190186	-61.14295654
72.79255371	106.3498657	-55.43082275
88.35195313	100.9780029	-48.78705139
102.9563599	92.65061035	-40.48063965
113.0195435	82.56885376	-30.9682373
118.9700806	72.48370361	-21.4138382
33.54067383	17.77980194	-26.40666504
39.78786011	9.173940277	-15.78927002
42.52655945	-19.07873688	-2.087717438
41.37818604	-33.02045593	0.901305008
40.49592896	-42.98518372	3.038490677
'PT_0010913_F		
-37.60344238	42.26968384	-25.21091766
-39.43592224	21.70491791	-13.19849548
-55.8975769	-13.95792847	30.32961426
-7.168011475	-32.41226807	85.93033447
-3.421836472	-75.7663208	89.40563354
-32.90275879	63.05447388	-61.79545288
-33.63531189	-3.021025848	-27.87506104
-43.07812805	-5.021412659	-19.33147583
-52.99944458	-20.48143005	1.789783287
-48.62896423	-62.18841553	17.06062164
-109.9343994	62.5140564	9.327349854
-78.47987061	10.6564064	9.632662964
-79.17119141	-1.611677361	16.87834778
-80.51029053	-25.2120697	34.35643311
-72.06538086	-63.24143677	44.26105957
-64.8420105	-38.80766907	56.09530029
-73.88066406	-52.69066772	21.21567383
-53.4508606	-44.96438293	36.07217712
-62.42192383	-56.39419556	49.92044983
-48.31628036	-71.85851288	23.51170349
-43.18901672	-80.08505249	69.84905396
-30.10813599	-69.14841309	81.7649292
-75.11286621	-100.9132629	51.8647583
-58.54555664	-110.5786865	56.1541687
-75.90866089	-99.08288574	71.34994507
-62.74613647	-110.500647	76.45720215
29.60952454	37.34291077	-28.55499268
32.47210693	21.05257874	-16.26770477
48.18276672	-13.31479187	28.28529053
-2.483269882	-31.40083618	86.29111328
0.517165089	-75.703479	91.47234497
24.47846832	59.17702637	-64.03608398
24.33292236	0.371961808	-31.7640625
33.1796875	-10.0128952	-21.89702148
41.91658325	-22.4084259	0.587835407
41.61704102	-64.56521606	19.5379425
109.0986206	51.04476318	-7.484277344
71.45101929	1.132952404	9.243897247
72.13616943	-4.242720413	13.88295441
72.51340942	-25.37678223	33.51830139
65.30285034	-63.16727905	41.15653381
54.03059692	-41.81285095	55.80449829
65.76897583	-51.60897217	20.94742126
46.20955811	-47.56089172	36.62771301
56.24596558	-55.23850098	51.03432007
44.75393982	-48.35808105	58.17562866
41.31614685	-66.11141968	20.10501862
23.30482025	-63.46937256	81.30682983
72.72268677	-100.6442505	55.38570557
60.01772461	-107.6652588	52.73881836
69.87636108	-98.61178589	75.82868652
57.13451538	-109.0165894	79.65430908
-50.45635071	3.186241341	5.998574448
-53.74292603	-20.33202057	39.08689575
-49.79008789	-24.51798859	51.29145508
-41.37835388	-27.63338623	68.72240601
-27.18065491	-31.14169312	82.27245483
-33.67486572	73.77253418	-62.11455688
-36.30456238	81.84890137	-58.4053772
-43.61287231	90.29307251	-50.82751465
-55.53178711	96.39537964	-43.27554932
-71.61313477	101.5960083	-37.33392029
-85.58118896	102.1195618	-29.78958435
-97.40802002	97.17853394	-19.77226868
-105.2341309	89.67625732	-7.984489441
-110.3001831	80.27649536	1.633255196
-45.81851196	-6.52803421	-14.52706909
-49.72543945	-11.15940552	-6.533229828
-52.16578979	-35.35017395	9.030672455
-50.15802002	-49.00542297	12.22211838
-48.79488831	-59.52932129	16.16188354
43.49907227	2.100242043	3.120700073
46.39179077	-19.94056702	36.12602844
41.85649414	-25.42744904	51.4911438
33.62385864	-28.60013123	68.63580933
18.72103424	-29.75239868	82.68560181
23.84706421	71.46930542	-63.95186157
28.23930664	78.12392578	-61.58164063
38.90707703	85.02177734	-55.26603394
54.12279053	89.83432617	-50.8882843
72.3175415	90.25089111	-50.96096497
87.50601807	87.07977295	-46.06309204
100.1726685	81.73555298	-36.23221436
109.5402588	75.24370728	-26.29316406
113.7936768	66.38235474	-17.12576294
36.51372375	-9.91088562	-16.64873047
40.08779907	-14.67886658	-6.975832367
43.28776855	-38.36492004	8.175924683
41.92268372	-52.18112793	12.74855042
41.65507813	-61.45751953	17.98996735
'PT_0003990_F		
-39.48485107	74.19320679	-21.54641571
-38.92254944	46.11657715	-7.747629547
-55.40234375	-7.575584412	30.0426239
-7.878850555	-49.01394348	81.85578613
-5.987208176	-92.11504517	73.78988647
-29.54431763	98.87565308	-60.69106445
-28.3875061	31.78502197	-25.21513367
-38.84517822	19.74455566	-18.18229523
-48.98406982	-4.579354858	2.191295052
-43.7724884	-49.06130981	3.998836899
-127.3933228	71.9161377	-22.17882843
-81.8536438	15.79239807	12.62989197
-79.83522949	10.16665497	16.42549744
-79.07866821	-28.70027771	28.6752594
-71.44689331	-70.08092651	28.91846008
-63.33088379	-50.9369873	49.71393127
-73.58258667	-49.67703247	10.04065018
-53.8899231	-48.2993988	28.95114746
-63.40838013	-65.29265137	38.67202148
-43.06771851	-63.74550629	6.296615601
-46.4895874	-97.41151733	40.57737427
-24.38983917	-84.16635742	64.78982544
-72.73081055	-109.1257813	14.94718018
-57.90946655	-115.7756104	13.6696167
-79.28377686	-118.6061157	32.06146545
-59.56639404	-130.8909302	35.8723877
34.51489563	76.0413147	-24.55662231
31.91994629	48.45793152	-8.665283203
47.62151794	-7.010353851	32.49214172
-4.143066025	-49.33415833	81.4755249
-3.337524414	-91.30789185	74.03641357
26.25426941	90.43566895	-62.98596802
20.21081848	29.40965271	-25.73225708
32.25915222	18.8422226	-20.6824234
43.79949646	-4.833991623	0.446034813
42.07898865	-44.7977417	3.887930679
127.6854248	76.55419922	-21.44394226
76.20895996	21.69243774	8.704444122
74.86204224	14.110495	12.80670624
69.78314819	-24.02217865	31.69682922
64.89085083	-65.08878174	31.12103271
54.58563843	-43.48158569	51.50853882
67.1932251	-45.84997559	13.20724792
45.08947754	-47.99303284	30.58718567
55.21083984	-61.32993774	39.6163147
42.19439392	-55.53405762	47.60724487
40.20469284	-59.48187256	4.31854248
15.51675873	-82.71633301	64.91151733
73.43857422	-103.9057251	18.36512451
55.57373657	-111.5130737	17.49550781
78.63953857	-113.7252686	37.85335388
63.37731323	-125.6756348	36.53515625
-50.66771545	18.03121948	10.48087234
-54.85146484	-19.7074646	38.56789551
-49.73604736	-30.65343323	48.94308777
-39.6355957	-41.85450134	62.98413086
-25.78993835	-49.55080566	74.9460022
-30.52467041	111.0770508	-65.31303101
-33.58486938	119.592627	-62.59125977
-42.83731995	128.2198242	-58.75379639
-59.67176514	130.9936401	-57.09494629
-79.65102539	128.4129395	-59.11795654
-97.11593628	120.9305908	-56.56262817
-113.5276855	113.3690674	-49.61628723
-126.5043579	104.2382324	-40.72707825
-131.9922607	91.83311157	-32.01919556
-41.81335754	16.53855438	-12.97121582
-46.07755127	8.708003235	-3.956403351
-49.89519348	-21.89692383	4.027754211
-47.63738098	-36.25163574	4.18137207
-44.62326965	-46.68921204	3.876572037
41.38424072	21.5556778	8.001248169
46.45656433	-16.48222504	39.27523804
39.02485046	-29.06002502	49.89226685
27.60467834	-39.85879822	62.18995972
14.23692017	-47.6243103	76.01856079
29.06659241	104.3687988	-68.10701294
32.21743164	112.8679077	-65.62056885
44.3284729	119.6545044	-62.06842041
62.7894043	120.577002	-62.66110229
82.86755371	118.7226685	-66.4378418
100.5486572	112.7837158	-63.56872559
116.9371826	108.428479	-54.55910034
127.7335571	102.7206787	-43.19526062
131.2198364	92.92234497	-32.62732239
35.79029541	17.17280579	-14.7509491
40.17918091	8.11592865	-4.869575882
43.69164734	-21.72523041	2.994399261
43.12607727	-34.42015381	3.581710052
42.40213928	-42.40356445	3.64908371
'PT_0220064_F		
-36.80093384	74.72536621	-10.59621658
-31.69573364	47.09979553	-6.960204315
-57.1109375	-15.24539032	19.89740753
-2.311953735	-60.13804932	60.15855713
-0.438392544	-93.67971802	46.89163513
-39.41747742	99.06172485	-49.22481995
-22.60216217	39.91658936	-24.84166412
-32.42055359	23.81457672	-23.15210419
-49.4663147	-6.11120491	-5.947634888
-42.89139404	-66.44935303	-13.78387146
-122.1898193	74.35440674	1.997755814
-73.77166138	11.73531799	7.229484558
-74.61830444	1.844385529	10.51900787
-78.72021484	-36.52640381	18.60787201
-68.94329834	-74.79233398	8.750975037
-60.79003906	-60.91918335	32.40334778
-71.08646851	-52.94439697	-3.654689026
-52.38184204	-54.50465088	13.17181549
-60.87949219	-71.12645874	19.60500946
-43.38438416	-65.90446472	-13.86701202
-37.96485291	-107.7167603	14.8082016
-17.54838562	-92.15527954	41.6661377
-62.66408081	-113.0832397	-12.06043091
-49.33033752	-114.8781494	-14.58528137
-66.20838013	-122.8569092	4.571472549
-50.4952179	-131.3024902	2.337018967
29.51938477	74.97982178	-12.61373444
25.90421143	47.21784973	-8.0330513
53.88433228	-17.7005661	21.18805084
1.472012138	-60.39647827	60.93776855
0.573082161	-93.67084961	46.44795227
30.65466614	99.10968018	-50.32129211
22.10351868	40.25848083	-24.31023712
28.58108826	24.42315979	-22.55252686
47.90340881	-12.10981674	-4.073445892
42.93008728	-63.98914185	-13.66710815
111.3075928	77.84129028	5.42632103
69.30996094	13.70731354	8.420767975
71.10039063	4.935128403	11.57522736
76.57825928	-35.20384521	19.99961853
68.19386597	-72.09484253	7.833987427
59.7822876	-59.05296021	32.95881958
69.03967896	-52.63546143	-3.882346725
50.4679657	-54.50348511	14.33894196
60.28556519	-69.54547729	19.71592712
48.46936951	-63.73936157	32.19775085
40.87416077	-65.22849274	-13.31481171
18.79980621	-89.23532104	42.28223572
63.00738525	-109.3586792	-13.16634369
47.22268066	-114.0768311	-15.15774536
64.79900513	-121.4713379	5.816793823
48.16510315	-130.3946045	3.783670807
-48.4138031	17.80000916	4.35833931
-55.8428833	-29.61143188	26.93444519
-50.54087524	-42.21345825	36.08002014
-37.97672119	-53.23391724	47.14238892
-21.74548187	-59.62929077	56.444104
-42.09498901	110.0858887	-50.76046753
-45.15846252	117.9321045	-48.01870117
-50.84711304	124.6891357	-41.28220825
-62.60717163	127.90271	-31.66496887
-77.9102417	126.8200562	-23.37584991
-92.50122681	123.1021606	-16.54941101
-104.8655762	113.4398682	-10.45983353
-116.0793213	102.8627319	-5.12901535
-120.8638916	90.1626709	-1.747306252
-38.05942078	20.04797821	-18.20477142
-44.08653564	9.543978882	-11.6499115
-50.42803345	-28.28616028	-5.926085663
-47.10788574	-46.46912842	-9.878820038
-44.01855774	-61.36954346	-12.51863861
43.69563293	15.97463074	4.737255859
53.83483887	-27.61202698	26.80331726
48.90602112	-41.47958374	37.11172791
36.66922913	-51.13036499	50.58422852
19.87357483	-59.63529663	57.20603027
33.55254517	111.8435425	-51.37188721
36.41730042	119.5012085	-48.75830383
41.04380798	125.7413696	-42.01098938
51.81842041	128.9988037	-31.04011841
67.29256592	128.0719482	-23.26888733
82.8895874	125.0522827	-17.00661011
96.13722534	116.2051758	-9.338708496
106.972583	106.402063	-2.932299614
112.310022	94.43539429	1.024676991
35.00913086	20.25638123	-16.81552734
43.80078125	5.620687485	-8.455728149
49.22446594	-30.91558533	-7.136573792
46.8776062	-45.42319641	-10.67818604
44.08306885	-56.30563354	-12.45502701
'PT_0010824_F		
-33.38334351	56.77443237	-0.600988102
-29.31985168	27.80012817	10.4446846
-48.05773315	-43.40486755	29.95351563
4.185399628	-106.6488892	59.09614258
2.700526237	-143.0540771	41.66073608
-38.02446289	93.47191772	-42.57309875
-24.50057068	18.23493042	-14.01395721
-29.98522949	8.224436188	-9.935668182
-44.01726074	-36.52524109	3.874923325
-38.8605896	-87.54378662	-11.63743057
-118.490625	48.54880066	16.32587128
-69.10743408	-23.86334839	19.8348999
-69.04094238	-34.43265381	23.55447235
-70.32116089	-65.27192383	25.12962799
-62.75488281	-106.3471191	8.446065521
-55.8960144	-92.97203979	38.77179871
-66.30344849	-79.91940308	-3.266316223
-43.91267395	-85.72357178	12.21251602
-53.38222046	-104.4681396	17.26604156
-39.12077713	-89.37401581	-12.44360352
-40.44060669	-145.1869263	8.455142212
-17.01780396	-137.7677246	34.38852539
-74.71625366	-141.2984253	-19.8724411
-57.00601807	-149.5496216	-23.21384888
-76.22007446	-151.8063843	-5.139403534
-58.46417847	-166.7697754	-9.204998779
34.11487122	61.45169067	-2.829394913
33.79881287	29.45700989	10.99787445
55.04081421	-52.79172974	33.24284363
7.155419159	-106.6696655	59.76706543
8.036719513	-142.4258911	42.33455811
39.93545227	91.15014648	-42.90276184
28.95031738	21.59210358	-14.92693176
36.81445313	7.17392807	-9.797745514
50.40656738	-34.67823486	2.981145477
47.07666321	-86.38768921	-10.79033508
121.3306763	61.80938721	17.77275848
76.17937622	-23.16103668	19.84178467
76.52619019	-30.4328949	21.99275513
76.68959961	-65.70482788	27.47765503
73.02418213	-103.5825439	5.488552475
65.33007813	-91.65159302	38.99282227
75.36344604	-73.34213867	0.511410189
53.27628174	-87.33607788	12.64760208
64.07134399	-104.5858154	16.4495636
52.9630127	-103.9857666	26.87097168
46.8175354	-87.50233459	-11.11325073
29.27195129	-138.858374	33.30587158
87.29837646	-137.805957	-18.87366791
69.82282104	-149.886853	-21.93785553
88.89868164	-152.3197632	-4.720223999
73.32518921	-164.7616699	-9.306678009
-43.0440033	-10.35696716	19.4869873
-46.4844574	-59.5914856	35.0032196
-42.61832581	-76.18225708	39.64949951
-31.91226196	-92.63995972	47.83545532
-16.38769836	-103.3694336	56.06386719
-37.12445984	103.4036621	-41.74719849
-40.23326416	109.4805054	-39.02009888
-48.33217773	113.2197144	-34.92616882
-62.68458862	114.2775757	-29.78263855
-79.40941162	110.0657349	-24.73271332
-95.25917358	104.8615234	-18.44563599
-107.8704224	94.12377319	-10.07177505
-116.2954956	81.77938843	-0.030730176
-120.5557495	68.91716919	8.225816345
-34.37555847	-0.29964025	-5.042514801
-39.95252991	-15.53198547	1.141427422
-44.49064026	-54.85341797	-0.952955723
-41.75018921	-70.46643066	-6.536507416
-39.3769928	-83.32133789	-10.32179108
49.43496704	-11.27625504	19.65435181
53.51452026	-62.5967041	35.92024231
50.57875671	-78.30089111	41.48321838
40.75166626	-93.4661438	49.84508362
25.6349823	-103.6130615	57.1880249
39.01839905	103.6251953	-41.38356934
41.05368958	110.6721558	-38.5658844
49.29069519	114.7742065	-34.42086182
63.32822266	117.8464355	-28.14985046
79.15426636	114.7033569	-22.62988892
95.15357056	109.7526123	-17.98702393
108.8091553	99.31781006	-10.89661407
118.2383911	89.92869263	0.211626625
122.9641968	78.70387573	10.1833725
41.17836304	-0.473629427	-5.296921158
47.54882202	-17.90708923	0.967209339
51.6086792	-54.39448242	-1.513151455
49.5666626	-68.48671875	-5.56301651
47.72355347	-79.10697632	-8.75089798
'PT_0220326_M		
-35.30890503	22.1442688	-67.12676392
-35.73782043	-1.67712822	-48.98496094
-46.88520813	-60.91536255	6.059992981
-3.79515152	-84.4703186	54.49367676
-2.587901688	-133.7897217	62.62210083
-33.77722473	31.67265015	-101.4860291
-29.44313049	-34.12963562	-58.53691406
-33.21568298	-36.58096008	-53.45739746
-47.29846497	-58.71083374	-26.13912964
-37.67157593	-108.5188232	-16.16801147
-122.0290649	17.46851196	-31.9151886
-74.32174683	-49.15211487	-6.567559052
-73.23202515	-52.81694336	-2.223036766
-73.20640259	-75.83933716	8.142188263
-64.88544312	-114.5193359	16.45043488
-58.56528931	-93.49358521	31.65284119
-66.409552	-98.55438843	-5.383252335
-47.19382629	-93.71893921	11.44240265
-58.36120605	-108.8029663	22.73556671
-38.58717728	-118.878479	-6.733718872
-36.06852417	-139.0721802	38.33865051
-17.89467163	-130.6705322	55.33076782
-73.93032837	-159.4858765	18.445755
-56.77932129	-162.8978516	11.74341736
-72.56672363	-158.1432983	44.92891235
-63.81478882	-171.0242188	43.52616272
32.24515991	16.35917816	-63.98344727
30.64427185	-4.981832123	-47.5109436
42.41994934	-63.96712036	7.761043549
-0.720664549	-84.07262573	54.77907715
-0.285504031	-133.8279907	62.17927856
30.29890442	29.04590454	-103.7054565
24.38796844	-35.83141174	-58.92390137
27.7848053	-36.48477173	-54.54250488
39.81142883	-56.61401367	-29.14777222
36.98772278	-105.0531006	-15.78593903
120.5881348	14.74316711	-35.59882507
70.2796936	-44.82913208	-12.08535614
69.75762939	-48.91772766	-8.799826813
69.04145508	-76.13667603	3.883567429
60.13060303	-115.6633789	13.12602844
54.97280884	-92.68931885	29.72909851
61.03922119	-101.4793457	-7.262841797
42.22541809	-96.91871948	12.16588287
53.35910034	-108.5922485	20.59338074
42.18163757	-102.890686	30.80220337
36.67505264	-114.5096741	-11.04136658
17.34189453	-128.9891846	52.93237915
67.93005981	-160.7646973	13.7351059
51.13011475	-162.1179565	6.40485611
67.78121948	-160.8524902	39.49803467
56.50144653	-172.075293	40.22336426
-45.96777649	-36.33873596	-20.47090454
-45.14098511	-67.57872925	14.76638641
-41.23890991	-73.40739746	25.77542419
-32.22151489	-79.69074707	40.27949219
-19.11171875	-84.44206543	50.86827087
-33.52955627	45.07250366	-106.9508545
-35.04735718	55.50848389	-103.9776245
-42.87850647	64.54483032	-95.15551758
-60.15302124	65.26427612	-90.31900635
-81.10444336	64.26377563	-86.55587769
-98.35736694	64.43484497	-78.88900757
-112.2191284	57.35621948	-68.28097534
-122.1718384	47.85469971	-56.12783813
-126.3449829	37.72038879	-43.40192261
-38.31506958	-39.61633606	-47.2477417
-44.31099548	-47.02645874	-35.80430908
-44.8120697	-77.1703186	-18.73941345
-41.15049133	-92.71763916	-16.11593933
-38.08991394	-105.3834839	-15.55229645
39.22180481	-35.05944824	-23.99297485
41.27904358	-68.75011597	14.52646332
37.0131958	-75.62785645	26.98057861
29.02081604	-81.21481323	40.84543152
15.96460724	-84.93852539	51.69777832
29.32709961	43.67156067	-107.7940063
32.3018219	53.26675415	-105.587207
41.95482483	62.21118774	-99.54066162
57.55870972	64.73120728	-94.39400024
76.24956665	64.20244751	-90.02877197
92.12765503	59.48651733	-82.83903198
105.5998901	51.19075317	-71.19344482
116.1116333	43.2234436	-58.60013428
122.1568848	32.9663269	-47.32857361
32.32711792	-39.02421875	-48.72553711
38.00134888	-47.34935303	-37.97359314
38.32437744	-76.45719604	-20.09602814
36.14285278	-91.36044922	-17.70389099
36.13312683	-101.7522644	-16.226474
'PT_0003991_F		
-49.0943512	71.57957764	-26.50641174
-47.61171875	56.94884033	-19.67779541
-66.12148438	-3.319872284	22.20939026
-13.22855377	-31.65089111	87.02059326
-11.14754257	-81.40635986	84.64718018
-41.65178528	101.5745178	-71.34790649
-39.37789917	29.86982727	-34.31984863
-44.49414673	20.59223022	-27.4363678
-59.40334473	-2.406341553	-6.173389816
-53.54758911	-46.5256012	3.163323975
-135.957666	77.30668335	-15.20986481
-86.4784668	18.57353516	3.36283493
-87.70018311	12.26974945	7.870061493
-88.02606812	-24.80533752	28.98815002
-83.63182983	-59.72127686	34.23452759
-73.64633789	-41.86200562	46.8894928
-85.04631958	-45.77593079	13.75771942
-63.74885864	-42.07107239	25.55905762
-74.42600098	-52.44952393	41.7437439
-54.55718231	-71.15393066	10.11389923
-52.02030029	-88.52636719	51.63222046
-30.73520508	-74.03014526	75.50302734
-91.06680908	-103.3793213	28.34942017
-74.04402466	-112.8530762	25.35142517
-90.63759766	-107.2793213	48.68169556
-71.3171936	-122.6816406	53.834552
27.16694641	72.95532227	-29.91420593
26.70806885	54.80859985	-22.89143066
44.67211304	-5.520177841	24.06721039
-6.945614624	-33.07088623	86.73378906
-7.666531372	-81.20662842	84.41832275
18.00046997	103.3281372	-73.09411011
20.1723526	27.06895142	-35.51873169
27.15580444	17.09757843	-28.09173889
37.53425903	-2.982381058	-8.731204987
33.60148315	-50.28198242	0.979863453
107.5371704	73.78938599	-12.89779053
63.51291504	20.42490997	0.428754711
64.06872559	10.65913467	6.057898712
66.10834351	-23.42146912	26.06364136
63.50122681	-59.184552	30.37999573
53.76674805	-38.33193359	45.54030457
63.88797607	-44.8833374	10.97857056
42.9815033	-42.75417786	25.01263123
53.29500732	-49.4648407	41.05220032
39.3601593	-51.353302	46.64302979
32.88098145	-67.1338501	8.67408371
12.28815308	-71.8218689	74.76540527
72.07337036	-103.8472412	26.95731812
56.58157959	-110.8176147	24.0381134
71.53063354	-105.3067261	49.37953186
51.03789368	-123.2566406	56.39854736
-60.80762329	22.58105011	-1.030348873
-65.95480957	-13.61477356	33.03249817
-61.63288574	-22.0107193	45.99221497
-50.08200378	-29.98276978	63.94918823
-34.07264404	-34.41719666	79.90220947
-39.04391174	113.2456055	-71.6680542
-42.31726074	121.4742554	-68.66633301
-52.36484985	128.3406616	-63.81799927
-68.80658569	131.0606323	-61.25385132
-88.37613525	129.7763916	-60.33722534
-105.2423462	124.3033203	-54.44275513
-120.6004028	117.3990845	-45.46843567
-132.2810547	107.6019043	-35.32848206
-138.9466797	96.50202026	-25.46363983
-48.84046631	17.29572449	-22.58825073
-54.84871826	9.772647095	-14.2488739
-60.21594238	-19.69288177	-0.689264011
-57.8767395	-33.94718018	1.330780125
-54.99979858	-44.33517151	2.485710335
42.76445923	25.55201874	-2.054537201
43.70299988	-13.25643463	31.5653595
38.38708496	-22.72286072	45.3588562
27.42341309	-28.79203491	63.42184448
12.45740891	-33.66061707	79.76716309
17.47999878	115.866394	-74.3949585
20.26952209	123.2721924	-70.57436523
31.58828735	129.7991455	-65.87351074
48.81870117	132.6078369	-63.94476318
68.71035156	131.8310303	-60.90900879
84.81523438	126.6096313	-53.07249146
99.325	119.0283325	-41.84634399
108.8289185	107.6532593	-31.09704895
114.0689697	94.35668945	-22.79079742
30.12877197	14.35233154	-23.68841248
34.66753235	7.010478973	-15.22687988
37.89880066	-22.59311829	-3.24115448
35.63657837	-37.21232605	-1.37888689
33.83717346	-47.0947998	0.52894721