EVAN Toolbox
Principal Component Analysis (PCA)

Date:	Thu Aug 6 2020
Time:	19:17:40

	Eigenvalues	Variance (%)	Cumulative Variance (%)
PC 1	0.00172313	30.5013	30.5013
PC 2	0.000872268	15.4401	45.9415
PC 3	0.000608193	10.7657	56.7072
PC 4	0.000409184	7.24302	63.9502
PC 5	0.000298427	5.2825	69.2327
PC 6	0.000225202	3.98633	73.219
PC 7	0.000197421	3.49459	76.7136
PC 8	0.000162525	2.87688	79.5905
PC 9	0.000147498	2.61088	82.2014
PC 10	0.000135529	2.39903	84.6004
PC 11	0.000106001	1.87634	86.4767
PC 12	9.61506e-005	1.70198	88.1787
PC 13	8.64087e-005	1.52953	89.7083
PC 14	7.47137e-005	1.32252	91.0308
PC 15	6.74017e-005	1.19309	92.2239
PC 16	6.18931e-005	1.09558	93.3194
PC 17	5.73627e-005	1.01539	94.3348
PC 18	5.11592e-005	0.905576	95.2404
PC 19	4.52138e-005	0.800337	96.0407
PC 20	3.87843e-005	0.686527	96.7273
PC 21	3.27071e-005	0.578953	97.3062
PC 22	3.02786e-005	0.535966	97.8422
PC 23	2.83969e-005	0.502658	98.3448
PC 24	2.36186e-005	0.418077	98.7629
PC 25	2.27182e-005	0.402138	99.1651
PC 26	1.90352e-005	0.336944	99.502
PC 27	1.59603e-005	0.282515	99.7845
PC 28	1.21736e-005	0.215486	100
PC 29	2.45743e-033	4.34994e-029	100

PC Scores
	PC 1	PC 2	PC 3	PC 4	PC 5	PC 6	PC 7	PC 8	PC 9	PC 10	PC 11	PC 12	PC 13	PC 14	PC 15	PC 16	PC 17	PC 18	PC 19	PC 20	PC 21	PC 22	PC 23	PC 24	PC 25	PC 26	PC 27	PC 28	PC 29
PT_0004182_M	-0.0541777	-0.00364893	-0.0338611	0.0170159	-0.0119585	0.0137323	-0.00494831	0.0204034	-0.00982745	0.00939092	-0.0055174	0.0169086	-0.0063365	0.00293156	-0.00975496	0.00732445	-0.00220346	0.00099802	-0.00379216	0.00247622	-0.0030677	0.00703591	0.0087973	-0.00184278	0.000174312	0.00889247	-0.00450642	0.00245844	4.77627e-017
PT_0003956_M	-0.0371478	0.0118478	0.00509683	-0.00745312	-0.00250732	0.0225558	-0.00761772	0.0170171	-0.0099415	-0.0215023	0.00362072	0.0177576	-0.0083447	0.00931964	-0.000549873	-0.00770738	0.0095658	0.00891909	-0.00256527	-0.00457872	0.00467472	0.000117853	-0.00508447	0.00153452	0.00479967	-0.00781151	0.00424213	-0.00177514	4.89847e-017
PT_0008548_M_SAC_LO	0.022124	0.0361527	-0.00891368	0.000202237	-0.0145455	-0.00759787	-0.00739755	0.0104993	-0.000743883	-0.0118187	-0.00252571	-0.0165151	-0.00633701	-0.00701769	-0.00708082	0.00209235	0.0170999	-0.00914961	0.000764187	0.0128839	-7.21814e-005	0.00544785	0.000476752	0.00741966	-0.00388328	0.00208316	0.00407965	-0.00357574	4.93186e-017
PT_0000845_F_SAC_LO	0.0629649	0.0387204	-0.0373115	0.00726715	0.0377265	0.0158013	0.00210367	0.0122326	0.0001235	-0.00185622	-0.00391997	0.00537486	0.0220045	-0.00702885	-0.00371497	-0.0102756	0.00759894	-0.0042308	0.00287846	-0.00341508	-0.00266206	-0.00715889	-0.00173258	-0.00340536	-0.00162514	0.0025462	-0.00195478	0.00102587	5.04898e-017
PT_0004387_F_SAC_LO	-0.0497736	0.0240829	0.0468787	0.0116602	0.0141486	0.015472	-0.0273651	-0.00279912	0.0136741	-0.0133447	0.00235316	-0.0116665	0.0011307	0.000556714	-0.00284784	-0.00414897	-0.00933216	0.0010559	-0.000651675	0.00813079	-0.00347133	-0.00709029	0.0105144	-0.00299108	0.00300576	-0.00132481	-0.00330861	-0.00161342	4.91929e-017
PT_0000867_F_SAC_LO	0.0154737	-0.0476288	-0.0067679	-0.00480969	0.0104386	-0.00795757	-0.0068122	0.00672542	0.00299008	-0.000766383	-0.00563209	-0.0152289	0.00367243	0.00262828	-0.0111611	0.0155574	0.00586837	0.00141373	-0.000921784	0.00067248	0.00137518	-0.000751492	-0.00826024	-0.00250688	0.0144268	-0.00136693	-0.0042535	0.002238	4.82417e-017
PT_0010280_F_SAC_LO	0.00308042	0.0200075	0.0288162	-0.000511155	0.00588235	-0.0155004	0.00428159	0.0111591	0.00224018	8.96027e-006	0.0168032	0.00144256	0.0182471	0.00785913	0.00371871	0.0151145	-0.00177526	0.00230202	-0.0132979	-0.00606604	0.00396695	-0.00287003	0.0036817	0.00510641	-0.000420581	0.0056837	0.00669361	-0.000146266	4.89356e-017
PT_0000452_M_SAC_LO	0.0183217	0.050244	-0.0477605	-0.0317552	-0.00713983	-0.000911542	-0.00538302	-0.0158801	0.0120251	0.00643214	-0.00658299	-0.00920901	-0.00137999	0.00743483	0.00484597	0.000336199	0.00238659	0.00256974	-0.00679932	-0.00737894	0.00843609	0.00459741	0.00965419	0.000500828	0.000461267	-0.00608107	-0.00424666	0.00179806	4.91662e-017
PT_0000660_M_SAC_LO	0.00499546	0.0508177	0.00957006	0.0167128	-0.004829	-0.00511414	0.00476013	0.00292741	-0.0037226	0.000687782	-0.0277529	0.00531755	0.00191438	0.00585667	0.00573891	0.0172888	-0.00854739	0.00329596	0.0018794	0.00330597	-0.00751797	-0.00242521	-0.00671678	-0.000551761	-0.00561675	-0.00706144	3.1139e-005	-0.000332795	4.82151e-017
PT_0000496_F	-0.0102437	0.0466364	0.016695	-0.0398259	0.0271301	-0.0132287	0.00429578	-0.00498471	0.00631732	-0.00749804	0.00909708	0.00962754	-0.0140464	-0.00316625	0.00486273	0.00720952	-0.00191897	-0.00436738	0.0124946	-0.0031055	-0.00154778	0.00700069	-0.00295053	-0.00675114	0.00278762	0.0060739	-0.000545534	-0.00175145	4.91797e-017
PT_AS_1810_M_SAC_LO	-0.0177276	-0.000612928	-0.0320205	0.0157928	-0.0120575	-0.0145909	-0.0209429	0.00231814	0.0042639	0.003159	0.0156749	0.0040688	0.00146782	0.00237226	0.00660217	-0.00252754	-0.00772075	-0.00261756	0.00845821	-0.00456483	-0.00224262	-0.00347118	-0.00642898	0.0127403	0.000690177	0.000212151	-0.00762768	-0.00426032	4.89242e-017
PT_AS_1595_M	-0.0217796	0.0208841	-0.0239616	0.00250125	-0.0103531	-0.00702836	0.0170232	0.00252056	0.00432822	0.0221046	0.0192161	-0.00314241	0.00253872	0.0132147	-0.0104922	-0.00532	-0.00395146	0.00181238	0.0111034	0.00994013	-0.001542	-0.00277333	0.000359847	-0.00430327	0.00206035	-0.00490761	0.00656769	0.00249815	4.76726e-017
PT_0256973_M_SAC_LO	-0.0141435	-0.0180399	-0.0541165	-0.000677862	-0.000916068	0.00755856	-0.000826767	-0.0173245	-0.0118919	-0.026227	0.013366	-0.00233486	-0.00147651	-0.012191	0.00356232	0.00687573	-0.0127107	-0.00129663	-0.00678478	0.00635764	0.00269286	-0.00244676	-0.0042537	-0.00360295	-0.00377403	-0.000409509	0.00270651	0.00393034	4.94384e-017
PT_0236971_F_SAC_LO	0.0508742	-0.00211564	0.0150103	0.0393492	0.0128774	-0.0183418	-0.0100979	-0.0203385	-0.0191752	-0.00661739	-0.0103746	0.00398403	-0.00179751	0.00385193	-0.0126409	-0.00505464	-0.00690742	-0.000336461	0.00902535	-0.00519625	0.00983287	0.00423147	0.00422628	0.0030499	0.00157176	0.0011565	0.00372604	0.0018943	4.8207e-017
PT_0220062_F	0.00955247	-0.0291221	0.0293111	-0.0091473	-0.0125748	0.0101979	0.0111818	0.012738	-0.00389898	-0.0142472	0.00356333	-0.0114347	0.0148198	0.015714	0.00429506	-0.00584887	-0.00401454	-0.00408978	0.00554644	0.000613381	0.00365567	0.0112476	-0.00301275	-0.00284962	-0.00769572	0.000233841	-0.00613421	0.00246618	4.83146e-017
PT_0008620_M_SAC_LO	-0.0459466	0.0206502	-0.00222257	0.017729	-0.0263083	0.00844261	0.00872471	-0.0109887	-0.00421337	0.00530881	-0.00414198	-0.0148089	0.00129672	-0.00220747	-0.00662248	-0.00656479	-0.00311556	-0.00337329	-0.00665614	-0.012812	-0.00196199	0.000872719	-0.00651649	-0.00786257	0.00172343	0.00433955	0.0021545	-0.00803761	4.8108e-017
PT_0006876_M	-0.0232475	0.013777	0.0125411	0.0100432	-0.00619579	-0.0220549	0.0218393	-0.00567591	-0.0237429	0.00174413	-0.00151145	-0.000508837	-0.00215478	-0.0011459	0.0153957	-0.00670838	0.0103922	0.00791827	-0.00195652	0.00891844	0.00615733	-0.00820932	0.00138564	-0.00254329	0.00335235	0.00374094	-0.00657373	-0.000225137	4.7899e-017
PT_0005920_M_SAC_LO	-0.0388106	-0.025744	0.000492801	0.0262144	0.00880141	-0.0197841	-0.0171458	-0.000642452	0.00788947	0.00268771	-0.000710155	-0.00058586	-0.00975834	0.00839583	0.0120052	-0.00517863	0.0116512	-0.0144889	-0.00510863	-0.00599965	-0.00669086	-0.00126267	-0.000913924	-0.00489454	-0.00314873	-0.00140499	0.00297244	0.00661696	4.97284e-017
PT_0004002_F	-0.0223041	0.0123563	0.01986	-0.00139237	-0.00470433	0.0214728	0.0213816	-0.0131066	-0.00790009	0.00141295	0.000177502	-0.00438692	0.00462978	-0.01111	0.0058855	-0.00236855	0.00064836	-0.00188378	0.00216942	-0.003892	-0.0119112	0.00559677	0.00226261	0.0104773	0.00812776	-0.00107934	0.00133165	0.00646033	4.78229e-017
PT_0004001_F	0.10327	-0.0118234	0.00832827	0.0212365	0.0112833	0.0337635	0.00453586	-0.0114151	0.00482585	0.0104841	0.0111253	-0.0056531	-0.020323	0.0107754	0.00373216	0.00490155	0.00351415	0.00800276	-0.00248612	0.000707687	-0.00226472	-0.00203491	-0.00252585	0.00136693	-0.00353768	0.00381215	-0.00102859	-0.000997924	5.0804e-017
PT_0003105_M	-0.00679697	-0.026535	-0.000859484	-0.0101026	-0.00850061	-0.0209762	0.0262835	0.00106141	0.022278	-0.020336	-0.00482501	0.00102284	-0.00803087	-0.00210911	-0.0155495	-0.00400587	0.0016655	0.0106477	0.000812154	-0.00691411	-0.00575818	-0.00712559	0.00292074	0.00281502	-0.00586991	0.00142443	-0.00194761	0.00174237	4.92149e-017
PT_0003081_F	-0.0117582	-0.0524596	-0.00901682	0.00490137	0.0110784	0.0119171	0.0288283	-0.00442722	0.00956003	-0.00162853	-0.00684876	0.010437	0.000299783	0.00302598	0.0044621	0.00577352	-0.000488696	-0.0181009	0.00176366	0.00266393	0.00523322	-0.00296516	0.00724315	0.00193307	0.00233562	-0.0038844	0.000710761	-0.00715422	5.00927e-017
PT_0176227_F	0.021562	-0.0018705	0.0174789	-0.0181187	0.0274808	-0.0137615	0.00729689	0.0185457	-0.0124092	0.0158635	0.00216712	-0.00236645	-0.0124189	-0.00800424	-0.00731162	-0.0106834	-0.0130072	-0.00526082	-0.0149764	0.00176181	-0.000349736	0.00270032	-0.00265669	0.00273123	-0.00168848	-0.00538055	-0.00250707	-0.000655911	4.70335e-017
PT_0010913_F	0.103323	-0.0107119	0.0183882	-0.0160944	-0.0412422	-0.00945229	-0.0122729	-0.0116679	0.00660668	-0.00179908	0.0017702	0.0212891	0.00754117	-0.00187866	-0.000790021	-0.00574441	-0.000663398	-0.00386132	-0.00688665	0.00589921	-0.00655109	0.00116181	0.000312762	-0.00455121	0.00465985	-0.000223934	-0.000413535	-0.000847157	5.00789e-017
PT_0003990_F	-0.0383503	0.00761532	0.0246017	0.0143211	-0.00677872	0.0110941	-0.000800903	-0.00313768	0.0310331	0.0142536	-0.0052775	0.00889043	0.00163375	-0.015006	-0.00047509	-0.00223537	0.000597336	0.00145896	-0.000787497	0.00419683	0.0145346	0.00191049	-0.00878254	0.00160656	-0.00198163	0.0017916	2.71875e-005	0.00405321	4.82888e-017
PT_0220064_F	-0.00841223	-0.0251429	0.00687479	-0.0573005	-0.0122606	0.0133227	-0.0163563	0.00128294	-0.0133938	0.0112366	-0.0153194	-0.00419574	-0.0028146	0.00424017	0.000945304	-0.00211353	-0.00374403	-0.00429186	0.00603332	-0.00136603	0.00258356	-0.0121319	-0.000913348	0.00318039	-0.00246897	0.00593589	0.00422541	0.00200041	4.78194e-017
PT_0010824_F	-0.0585015	-0.0370995	0.00522642	-0.0178957	0.0238551	-0.0022444	-0.0122276	-0.028022	-0.00875024	0.0124434	0.00277779	0.00624331	0.0130447	-0.000645638	-0.00717134	0.00245397	0.0114243	0.00906898	-0.00142619	0.00339608	-0.00508607	0.00542199	-0.000930448	0.000801935	-0.00746113	-0.00251692	-0.000731275	-0.00396025	4.85617e-017
PT_0220326_M	0.016319	-0.0413659	-0.0263252	0.00293781	0.0108469	-0.00871088	-0.00517452	0.0147399	0.0116501	0.00126453	-0.01223	-0.00691029	0.00250659	-0.0049037	0.0175566	-0.00848957	-0.0068783	0.0152174	0.00252081	0.00277433	-0.00266813	0.0073784	0.00261652	-0.000920761	0.00299168	0.0025231	0.00684384	-0.00337623	4.60369e-017
PT_0003991_F	0.0272607	-0.0198714	0.0179669	0.0071997	-0.0186773	0.00192495	-0.00716682	0.0162397	-0.0101944	0.00915868	0.0114577	-0.00341656	-0.00152882	-0.0217625	0.00255446	0.0100475	0.0045666	0.00266814	0.00964757	-0.00940965	0.0022226	-0.00200461	0.00722741	-0.0056868	-0.00399638	-0.00699657	-0.00053335	-0.000473051	4.87627e-017
M Mean	-0.0152321	0.00680207	-0.0155646	0.00455081	-0.00658948	-0.00419074	0.000707251	0.0016135	-0.000126837	-0.00208495	-0.00107077	-0.00068769	-0.00262265	0.00153466	0.00120438	-0.000968049	0.000587196	0.00157328	-0.000624974	0.000339104	-0.000735433	-0.000174148	-0.000284873	-0.000116278	-0.000464574	-0.000343101	0.000361215	-0.00019528	4.84977e-017
F Mean	0.0123761	-0.00552668	0.0126463	-0.00369754	0.00535395	0.00340498	-0.000574642	-0.00131097	0.000103055	0.00169402	0.000870002	0.000558748	0.0021309	-0.00124691	-0.000978556	0.00078654	-0.000477097	-0.00127829	0.000507792	-0.000275522	0.000597539	0.000141495	0.00023146	9.44758e-005	0.000377466	0.00027877	-0.000293487	0.000158665	4.88641e-017

PC Loadings
	PC 1	PC 2	PC 3	PC 4	PC 5	PC 6	PC 7	PC 8	PC 9	PC 10	PC 11	PC 12	PC 13	PC 14	PC 15	PC 16	PC 17	PC 18	PC 19	PC 20	PC 21	PC 22	PC 23	PC 24	PC 25	PC 26	PC 27	PC 28	PC 29
x1	-0.0171586	-0.012486	0.00710844	0.00247192	0.0304528	-0.0224037	0.0693642	0.00668104	-0.00176968	0.0840984	-0.0263233	0.0489554	-0.0631442	0.0671884	0.00269093	-0.0409731	0.0391128	0.101968	-0.0212195	0.0634277	-0.0493282	-0.139349	0.16668	-0.0365331	-0.0227288	0.0401806	0.107322	-0.0593315	-0.0587656
y1	-0.0353996	-0.0827064	-0.0392645	-0.183035	0.0691711	-0.110702	0.29595	0.105561	0.22628	-0.0381146	0.0876201	-0.117278	0.00511643	0.189549	0.0730484	0.0478185	0.00909881	0.163183	-0.0813401	0.015754	-0.0964044	0.0196752	0.00549159	0.07167	-0.0212423	0.00650479	0.105673	-0.0250657	0.0743425
z1	-0.0695404	0.0353668	0.0279062	0.0257254	-0.00425626	0.0665501	-0.0866031	-0.0470097	0.00391593	0.0128401	0.0314773	-0.099003	-0.00469451	-0.0337027	0.0166643	0.0658593	0.00617343	-0.0389437	0.0837931	-0.0380885	0.00140273	-0.0887496	-0.0806846	0.106499	0.0516596	-0.0319296	-0.0639035	0.0465384	-0.01293
x2	-0.0468246	-0.00832449	-0.0170067	-0.00362767	0.0165985	-0.0417929	-0.022891	-0.0242697	-0.072357	0.0618994	-0.0813175	-0.0334997	-0.0105918	0.0533539	-0.0173937	0.0112194	-0.0335349	-0.0130215	-0.0397488	-0.119463	-0.0238313	-0.0305527	0.0541384	0.0152246	0.0457728	0.0497402	-0.0260416	0.0282717	-0.0463408
y2	-0.0100848	-0.110667	-0.00878252	-0.0883405	0.125657	-0.0571542	0.0425727	0.15797	0.0719849	0.0157409	0.211086	-0.101872	-0.0437342	0.0157341	0.127036	0.00174736	0.076259	-0.143998	0.0805767	-0.00373873	-0.123269	0.112539	0.0516336	-0.138902	0.0160713	0.0596531	0.109677	0.0173181	-0.0189634
z2	-0.0960382	0.0368352	-0.000679391	-0.0201916	0.046524	0.0445945	-0.011915	-0.0620294	0.0343668	0.0339319	0.131201	-0.0973177	0.0660469	-0.0143483	0.0340292	0.126101	0.0705956	-0.0104365	-0.032471	-0.111424	-0.00388503	0.0354287	-0.0571649	-0.121211	0.0508601	0.0767324	0.0617363	-0.0120958	0.010393
x3	-0.0692225	-0.0211284	-0.107985	0.069693	-0.0200325	-0.0459844	-0.0396742	0.0238379	0.0294434	-0.0602396	-0.0479475	0.0117211	0.0707756	-0.0103687	0.0640443	0.0349233	0.0248491	0.00502577	0.00045293	-0.0122347	-0.0646219	0.0459382	0.0197734	0.000360414	0.0503438	-0.0203165	0.00110087	-0.0553879	0.0375287
y3	0.0205557	0.0367892	0.0284092	0.0173151	-0.0292218	-0.131647	-0.110654	-0.0788136	-0.0690167	0.0288751	-0.095701	-0.0584526	-0.151331	-0.0022925	-0.0429841	-0.0115654	0.106118	-0.0155207	0.125231	0.104277	0.00711399	0.0225002	0.0168154	0.103452	-0.113332	-0.0332934	-0.115947	-0.0360125	0.0332772
z3	-0.0714029	0.0265471	-0.0212928	-0.0302597	0.0646726	0.0052036	0.00269461	-0.0464252	-0.00370386	0.0176187	0.0560205	0.0271026	-0.0223485	0.000812266	0.0240046	-0.0476649	-0.0373084	-0.00413653	-0.0451984	-0.0270404	0.00904901	-0.00878152	-0.0411412	-0.0213434	0.0434702	-0.021521	-0.00934821	0.0559627	0.0118617
x4	-0.0139666	0.00770113	-0.00583918	-0.00529683	0.0106639	0.0255451	0.0226137	0.00262875	-0.0473925	0.0209769	-0.0140891	-0.0310831	-0.0142085	0.0457651	-0.0128125	-0.00939404	0.0327004	0.0372224	-0.0111979	-0.0577241	-0.0114053	0.0159633	0.0351782	0.0112933	-0.0398524	0.00910503	0.0361131	-0.092874	-0.00497987
y4	0.0792898	0.00243332	-0.0271768	-0.00347622	-0.0205563	0.00755331	-0.00646458	-0.00687676	-0.031967	0.0788044	-0.0115674	0.0331978	-0.0397056	0.11275	0.21527	-0.00746797	-0.0567714	0.0514653	0.0916623	0.00298206	0.0879978	-0.0338725	0.114796	0.0581706	0.0539105	-0.0728783	0.0565815	-0.021034	-0.0641124
z4	0.0249738	0.0533614	-0.0685903	-0.0452032	-0.0427388	0.0669132	0.1308	0.0914054	-0.077308	0.00839949	0.148404	0.0910759	-0.00474382	-0.17929	-0.0288236	0.0580781	-0.00746942	-0.0116	0.00886714	0.0308936	0.0402812	-0.0631049	0.0155353	0.0467457	0.0634071	-0.0777509	0.094151	0.0953303	-0.0167868
x5	-0.00279601	0.00906483	0.000998098	-0.00748037	-0.0135149	-0.0179645	-0.00315136	0.0165147	-0.0262957	0.0229296	-0.0309469	-0.00632657	0.0105099	-0.00636969	0.0200779	-0.013988	0.00247609	-0.0327387	-0.00136016	-0.0261812	-0.0195368	0.00270057	0.0439073	-0.0401932	0.0510303	0.032913	0.0219322	-0.00272141	-0.00763321
y5	0.0344241	0.0153562	0.0317774	-0.0897237	0.0291893	0.0894396	-0.0313658	-0.00983685	0.00876391	0.0892145	-0.153617	-0.0421883	0.0156141	0.041915	0.0442539	0.034971	0.0972984	-0.197849	-0.0777319	-0.0687704	-0.0405972	-0.0354656	0.0844382	-0.0640059	0.00989078	0.0716776	0.0394797	0.0303349	0.0719776
z5	0.0552298	-0.0446642	-0.0201536	-0.0187057	-0.00650037	0.116428	0.121118	0.116467	-0.0856938	0.132082	-0.063387	0.0663185	0.0700063	-0.0810831	0.0517994	0.00613793	0.108539	-0.0777935	0.063977	0.0431498	0.0321568	-0.0109619	0.0522502	-0.0294293	-0.0166794	0.0543494	-0.15673	-0.0687777	0.0135523
x6	0.00642842	-0.00341055	0.0572428	0.103595	0.0140327	-0.00378564	0.0420135	0.0794896	0.0119525	0.0392156	-0.0285257	-0.0560117	-0.0129555	0.00719031	0.0945091	-0.104185	0.12591	-0.141655	-0.115662	0.0724469	0.0736434	-0.0283889	0.0614074	0.012355	0.0428599	-0.0901614	0.0058578	0.0918808	-0.0288826
y6	-0.0560253	-0.0733848	-0.0603298	0.076241	-0.0389638	-0.0639128	-0.070063	0.0840848	-0.0394164	0.0771923	0.0132062	0.114635	-0.0835954	0.114363	-0.0560521	-0.0159164	0.0802709	-0.0120638	-0.021661	0.0189573	-0.122846	0.0384134	-0.0579746	-0.014802	-0.100475	-0.166248	-0.123753	-0.0230936	0.0984533
z6	-0.0199701	0.00838353	0.105022	0.0905978	0.00310392	0.0492642	-0.116508	0.0829031	0.136192	0.084503	0.0202441	0.0171299	-0.0471705	-0.0238697	0.0161114	-0.00430996	0.0147376	-0.0526342	0.0155581	0.00843174	-0.00239436	-0.0443961	0.106377	-0.00569399	0.0304944	0.0287222	-0.0392991	0.0491372	0.0151688
x7	-0.0344689	-0.0121533	0.0396446	-0.054487	0.0230593	-0.00659062	0.0102972	0.0813677	-0.0462976	0.0918047	-0.0259527	-0.00994471	-0.0655529	0.0610906	0.0165319	0.0024331	-0.0851022	0.00856959	-0.0876961	-0.0367785	0.0612266	-0.0109227	-0.0508931	0.0439496	-0.0181952	0.025243	-0.0423376	-0.04697	0.0267808
y7	-0.0346421	-0.0962666	0.137461	-0.154606	0.182328	0.0349955	-0.0960018	0.130235	-0.0636293	0.0384547	-0.00602723	0.111017	0.0485389	-0.00624855	0.000880808	-0.113278	-0.0355263	-0.067033	0.0955987	-0.00515464	0.164853	0.104842	-0.0837583	-0.114803	-0.048673	-0.0352134	-0.106956	0.0654003	0.0451429
z7	-0.102029	0.0505713	0.0209288	-0.0445884	0.0644414	0.0979718	-0.0830787	-0.0182674	0.0249537	0.0991476	0.0692391	-0.0751146	0.0239613	0.0323201	0.0485189	0.055557	0.0831834	0.0763259	0.0066921	-0.0516779	0.13975	-0.0744178	-0.0757696	-0.0225967	-0.0575691	-0.0692691	0.0248336	0.000397946	-0.00200426
x8	-0.0343233	-0.0158491	0.00725302	-0.0102194	0.0813932	-0.0253105	-0.0293384	0.0531528	-0.0262013	0.0755139	-0.03901	-0.0537514	-0.0380129	0.0197736	0.00701492	0.0293095	-0.084946	0.0692348	0.00133477	-0.0815093	-0.0437282	-0.0742299	0.0968722	0.04333	0.0236477	-0.0639712	-0.0433282	0.013119	-0.0570415
y8	-0.00597835	-0.0853758	0.100649	-0.0847494	0.188289	-0.0440893	-0.0804878	0.0384999	-0.0225552	0.00980904	-4.51278e-005	0.054558	0.080271	-0.0397352	0.0538586	-0.0669147	-0.00967583	0.0746552	0.0168813	0.0171827	0.01454	-0.0299727	0.0533226	0.0918534	0.0615277	-0.0533674	-0.0137789	-0.0220497	-0.0329588
z8	-0.110213	0.0478431	0.000726776	0.000501218	0.02356	0.0562509	-0.048797	-0.044004	0.0187842	0.0600878	0.0867817	-0.0117166	0.0492244	0.0251508	0.039144	-0.0365787	0.119374	0.0612105	0.0560693	-0.0373158	0.0248528	-0.0672442	-0.0574294	-0.0721189	-0.000131925	-0.0370995	-0.0140937	-0.0501003	0.00735927
x9	-0.0459925	-0.0230606	-0.067146	0.0384136	0.0255714	-0.0375923	-0.0130376	0.0336298	0.034446	-0.0194164	0.000733881	-0.0491937	0.0657918	-0.0376832	-0.0367244	0.00242817	0.00520033	-0.0833937	-0.00459793	-0.049191	0.0123075	-0.069562	-0.01839	0.0475267	0.0224665	-0.0432289	-0.0737846	-0.00656177	0.0726629
y9	0.0397706	0.0357954	0.0333702	-0.014229	0.089801	-0.014682	-0.087383	0.0606095	0.0228729	-0.140699	-0.0675018	-0.0915736	0.0224825	-0.0727903	0.00364904	0.123217	0.0374901	0.0354186	0.0188851	0.0563164	-0.0819262	-0.16326	-0.124371	0.0304674	0.0200708	0.0559799	0.0421787	0.050187	-0.0379908
z9	-0.100384	0.0464797	0.0130129	-0.0332773	0.036001	0.0108913	-0.0353109	-0.0408768	-0.00543983	0.0411973	-0.0085125	-0.0110921	0.0311493	-0.0633301	0.0567086	-0.0425718	0.0474387	0.0533458	0.0450751	-0.0200231	0.00953876	-0.00951489	0.0161264	0.0338396	-0.0375951	0.0162707	0.0382524	0.0368054	-0.0195586
x10	-0.041025	-0.0529356	-0.122614	0.0379634	-0.0293097	-0.00784713	-0.0430852	0.0287253	0.0693496	0.0830482	0.0169621	-0.023191	0.0255489	-0.0879637	0.0425622	-0.058377	-0.0342104	0.00668315	0.035146	-0.0184766	-0.032809	-0.0402792	-0.00390048	0.0576577	-0.0156816	-0.0177872	0.0106898	-0.00126298	0.0679147
y10	-0.00952342	0.0859924	0.00905926	0.119769	0.012329	0.11715	0.10159	-0.0109327	0.00417933	-0.29737	0.138286	-0.0204602	0.0381427	-0.0278028	0.0496391	-0.0313874	-0.00866615	-0.016038	0.0624585	0.0542296	0.0810419	0.10037	0.141178	-0.156933	-0.162733	0.036142	-0.0339037	-0.0979553	0.00363126
z10	-0.0724508	0.0318663	0.0157814	0.0364416	-0.0146775	0.048743	0.0245386	0.00135804	-0.0165155	-0.0748478	0.0692952	-0.0533583	0.0159033	-0.0163887	-0.0451404	-0.00929576	-0.0165741	-0.00225195	0.000218841	-0.0231025	0.0338184	0.0240087	0.0770369	0.0656103	-0.0173836	-0.0441021	-0.180627	0.0220602	0.0366314
x11	-0.0164903	-0.139389	0.071724	-0.0334848	-0.0368154	-0.0146693	-0.089718	-0.11561	0.0120002	0.00208734	0.0625073	0.0090475	-0.00726374	-0.046493	0.0732852	0.110459	-0.0038335	0.0849334	-0.0455494	0.0652391	0.00618057	0.116208	-0.00270484	-0.0427069	-0.0318161	0.113736	-0.010347	-0.0716443	-0.096458
y11	-0.0953427	-0.141229	0.0709026	-0.0238486	-0.118585	0.17025	0.0235349	-0.0852491	0.0334658	-0.111826	-0.0875695	0.0392049	-0.105356	-0.0627198	-0.0549099	-0.0720494	-0.0371956	-0.0741109	0.0660619	-0.106485	-0.0992759	-0.106764	0.0100356	-0.0873124	0.0640083	-0.059246	0.137774	-0.0484618	-0.0266663
z11	0.0971386	-0.0322709	-0.13996	-0.0669267	0.0182679	-0.112896	-0.0610075	-0.121934	-0.0422334	0.0214829	0.0359283	0.0412479	0.130494	-0.0292717	-0.00300247	-0.0561176	0.015673	-0.0954704	-0.148524	0.0486687	-0.0511695	-0.0174169	0.0747654	-0.0492938	0.0108916	-0.0649918	0.0797995	-0.0731905	0.0334539
x12	-0.0370534	-0.103231	-0.051927	0.00118769	0.0540741	0.000183439	0.0299825	-0.0121846	-0.045564	-0.0222833	-0.0293239	0.0429574	0.0181228	-0.100139	-0.0527786	-0.00484797	0.0266308	-0.0506625	0.0971506	-0.131319	-0.0218673	-0.00911374	0.0436361	0.0364343	-0.146241	0.0758587	0.0406104	-0.0264678	0.047862
y12	-0.0588602	0.149563	0.0601958	-0.0961584	-0.287819	-0.0897657	-0.170547	0.121763	-0.0050586	-0.0342833	0.051493	0.012529	0.185752	0.106869	-0.0733678	0.0446584	0.0690258	-0.014148	-0.0182408	0.0210952	-0.0761598	-0.101508	-0.00423325	-0.0529195	0.106925	-0.0752512	-0.143091	-0.15164	-0.0542303
z12	-0.0531063	0.0442903	-0.0165256	-0.0034154	0.0635687	-0.0622455	-0.0136604	-0.090044	-0.00357371	0.0279684	-0.0836866	-0.0356497	-0.0313438	-0.044147	0.0180021	0.00848779	-0.0157608	-0.0573914	-0.0576836	0.0614702	0.0421636	0.0226435	0.0141083	-0.125067	-0.0324144	0.036602	0.0116961	0.0752638	0.0180472
x13	-0.0451643	-0.106599	-0.0552253	0.0205322	0.0566035	-0.0151097	0.00647266	0.00347426	-0.0132408	-0.00971123	-0.0267437	0.0287811	0.043768	-0.0703259	-0.0536348	0.0126271	-0.00666025	-0.0541185	0.0483224	-0.111086	0.0276026	-0.0141335	0.0138057	0.0669504	-0.0929353	0.0565494	0.0193713	-0.0497325	-0.0885072
y13	-0.0764579	0.151649	0.0620975	-0.0549903	-0.25789	-0.052463	-0.151524	0.158257	-0.0183295	-0.0768361	0.0959646	-0.0171651	0.0843461	0.0705777	-0.0722523	-0.119565	0.0512329	0.0793957	0.0158529	0.075564	0.0174889	-0.0332242	0.176312	-0.103518	-0.115436	-0.0136436	0.0258283	0.0750877	-0.0229942
z13	-0.063475	0.0418279	-0.0123349	-0.00720207	0.0858802	-0.0852028	0.00345362	-0.0768901	-0.0181055	0.0221637	-0.105524	-0.0314207	-0.00897711	-0.0530935	0.0238968	0.0429471	-0.0444456	-0.0596232	-0.0270634	0.0491673	0.053705	0.0209987	-0.0321015	-0.0882163	-0.0141013	-0.013234	0.0338408	0.00900876	0.0212307
x14	-0.0531369	-0.075557	-0.040865	0.0932011	0.062538	-0.00866464	-0.00581128	0.0380014	0.0105054	-0.0526647	-0.00979211	-0.0153667	0.0187394	0.0351257	-0.0342677	0.0202649	0.0325201	-0.0146165	0.0691179	-0.0333325	-0.0417241	-0.0212397	-0.0383392	-0.0631179	-0.0743175	0.000885763	-0.0620346	0.0591306	-0.13784
y14	0.0400786	0.0173563	-0.0387032	-0.014177	-0.0233198	0.00771111	-0.0428732	-0.018721	-0.029298	0.00939585	-0.000638798	0.0815048	-0.0280169	-0.0432797	-0.0483279	-0.0653646	0.0445944	0.0739349	-0.171421	0.0302858	-0.0455719	0.059114	-0.00812389	0.049671	-0.0190332	0.0663912	0.0859567	-0.0683226	-0.0221395
z14	-0.0591301	0.031581	0.040498	0.00598724	0.018697	-0.0926088	0.049158	-0.0391924	-0.0923918	-0.093334	-0.0915904	-0.0595112	-0.0720608	0.106365	0.00940474	0.0262158	0.0217683	-0.00416638	-0.0468678	-0.0432254	-0.0180126	0.0107722	-0.0529401	-0.00568749	-0.0751935	-0.14034	0.0179337	0.0290009	-0.0135802
x15	-0.0404868	-0.0706138	-0.0714865	0.0217976	0.0263479	0.0284635	-0.011481	0.0250488	0.025589	-0.00760236	0.038866	0.0215355	-0.0324134	0.00401708	-0.0466462	-0.0771706	0.0295249	0.111276	0.0548902	0.0957798	0.0254548	0.0152618	-0.0421262	-0.00169448	0.0330697	0.0238631	-0.0179052	0.0198758	-0.00914905
y15	0.0354852	0.0253768	-0.0242952	0.0249028	0.034399	0.0451227	-0.0134524	0.0202791	-0.0386542	-0.0459406	0.00163065	0.0779279	-0.0114649	0.0476132	-0.0463646	-0.0104872	0.055642	0.0490814	0.0111432	-0.107886	-0.0691262	-0.0310804	-0.0399648	0.0224412	0.0107606	-0.036929	-0.0733726	-0.005635	-0.146056
z15	-0.02433	0.010034	0.0310193	-0.00240891	0.0269656	-0.042846	0.0544639	0.0811087	-0.121918	-0.0128125	-0.0380356	-0.0200581	-0.00205559	-0.106136	-0.0310949	-0.000590454	0.00596098	-0.0198136	0.0323842	0.0306907	-0.0461012	0.0827024	-0.0191511	-0.0931358	0.0418629	0.0438492	0.0532893	-0.0592369	-0.0118941
x16	-0.0544349	-0.0549094	-0.0165694	0.0446939	0.028827	-0.0150816	-0.0104322	0.0504723	-0.0145835	-0.0388988	-0.039195	-0.000923471	-0.0193435	-0.00919237	-0.0226802	-0.00623061	0.0316606	0.0033678	0.0570886	0.0690837	-0.000572221	-0.0146639	-0.0828806	-0.107954	-0.0445017	0.029105	0.0907019	-0.000196976	-0.0272124
y16	0.0613356	0.0125689	-0.0527052	0.0463165	-0.0217715	0.0441883	0.0103751	0.00308561	-0.0647596	0.0120337	0.113549	0.063976	-6.33052e-005	0.100233	0.0578521	-0.0391577	0.0716353	0.00151921	-0.0443951	-0.0102187	-0.138511	-0.019096	-0.120897	-0.0244344	-0.101744	0.0639531	-0.109985	0.0805448	0.0205847
z16	-0.0423184	0.00836775	0.0113994	-0.0282705	0.0143552	-0.0667281	0.045955	-0.0284907	-0.0792445	-0.0232648	-0.042748	0.0293901	-0.00953649	0.0276071	0.0802932	0.0447715	0.0297835	0.0203505	-0.0693165	0.0520151	-0.0259009	0.0626779	-0.0698846	-0.0228786	-0.0461339	0.0374461	0.00126682	-0.000452306	0.0209163
x17	-0.0394422	-0.123663	-0.0687555	0.0778753	0.0157977	0.0416203	-0.030237	0.0226979	0.0265094	-0.0533668	0.0242529	0.0130825	-0.00577061	0.0284559	-0.0487118	-0.0601118	0.00194049	0.0541094	0.0481378	0.116617	0.0223161	-0.0722704	-0.0125325	-0.00616951	0.0147146	0.0278756	0.00965364	0.128002	-0.0544618
y17	0.0157043	0.0356246	-0.0797589	0.0157683	-0.0205533	-0.0414442	-0.0268834	-0.0320647	-0.035636	-0.0475871	-0.0134636	0.0489954	-0.090093	0.069043	-0.0710447	-0.0104696	0.101748	0.0580706	-0.0989732	-0.107661	0.0526321	0.050464	-0.126286	0.139004	-0.0143534	-0.100832	0.0858918	-0.075213	0.0450691
z17	-0.0616239	0.030246	0.0253118	0.00998995	0.0332807	-0.0627363	0.0715717	0.0363193	-0.111946	-0.0684677	-0.111583	-0.010365	-0.0544739	-0.0131466	-0.00445235	0.0616193	-0.0208975	-0.0137424	0.133253	-0.0881188	-0.0359871	0.0521801	-0.0819394	-0.0100122	0.0347821	-0.0118618	-0.00532641	-0.093195	-0.0147151
x18	-0.0489693	-0.0890133	-0.0570519	0.0682673	0.0245415	0.00323803	-0.0142613	0.0254249	0.00162592	-0.0619816	0.00455821	0.0286609	-0.0072986	-0.0321457	-0.0487636	-0.0342851	0.027971	-0.0465269	0.0845307	0.133518	-0.106242	-0.0213729	-0.105436	-0.125881	0.0388818	0.0451925	0.0465873	-0.0144545	0.0526067
y18	0.0482066	0.028833	-0.0463268	-0.00826296	-0.0292295	0.018366	0.0384399	-0.0408327	-0.0808289	-0.0147207	0.0372805	0.0266544	-0.0590669	-0.00113592	0.0435425	-0.0678488	0.0600958	0.0631999	-0.0701988	-0.05562	0.000471966	0.0808901	-0.168139	-0.0288745	-0.0688343	-0.138094	0.11037	0.00801592	0.0399135
z18	-0.046367	0.0144132	0.00192698	-0.0112471	-0.00113442	-0.00983324	0.0655845	0.00657142	-0.0614289	-0.0703015	-0.0530661	0.0227793	-0.0722112	0.00617974	0.0545296	-0.0491556	-0.00457468	0.0582156	-0.0194007	-0.0353772	0.0445582	0.069546	0.0615284	0.0678302	0.0180802	0.156168	0.0090746	0.0926671	0.00918532
x19	-0.0438707	-0.0863293	-0.0390812	0.0392315	-0.00125549	0.00724888	-0.00608914	-0.00322695	-0.00151952	-0.0173692	-0.013339	0.0397591	-0.00965171	-0.0167532	-0.0212939	-0.0343305	0.0608637	0.0265286	0.0726465	0.117344	0.0248523	-0.00171915	-0.0438219	0.00839517	0.0476312	0.039967	-0.0450968	-0.14031	-0.0372713
y19	0.0493807	0.0132586	-0.0228768	0.0250764	0.0132526	0.0513148	-0.00342753	0.029881	-0.0678843	-0.00809424	0.00700885	0.0619017	-0.0108864	-0.0178373	-0.0354833	-0.0308902	0.0904517	0.0392385	0.0223715	-0.0473159	-0.0932437	-0.0347742	-0.0449672	0.0338527	0.030561	-0.00271713	-0.0959712	-0.0982705	-0.0501136
z19	-0.0271694	0.0280096	0.0305838	0.0259356	-0.00493434	-0.0143271	0.0549334	0.0650966	-0.10157	-0.0162105	-0.0442698	-0.00497906	0.0332641	-0.0389784	0.0487098	0.0694059	-0.00128678	-0.0391591	0.0702672	-0.00944561	-0.0854028	-0.047944	-0.0256554	0.0271507	0.00557441	0.0698467	0.0572028	-0.0723575	-0.0270178
x20	-0.0355311	-0.0334355	-0.134158	0.0349289	-0.0528539	0.0395132	-0.0388017	-0.00574656	0.0790371	0.0459118	0.0638668	-0.0617212	-0.0487349	-0.0286802	0.0248668	-0.0774674	-0.0205229	0.0513449	0.0180782	0.0154709	0.029967	0.01467	-0.0314933	0.077505	-0.0289341	-0.0732231	-0.0045348	-0.0388555	-0.0120395
y20	-0.0297742	0.0337868	0.0292913	-0.0315106	0.0677582	0.101496	0.0946179	-0.0926325	-0.120095	-0.0315298	-0.00564677	0.0843314	0.0708881	-0.00307777	0.047055	-0.247705	-0.0213401	-0.0438024	-0.0497254	0.08502	-0.0107329	0.212709	0.0898309	0.211649	-0.0968683	0.13575	-0.103115	0.155829	-0.0368488
z20	-0.0527841	-0.0207655	0.00183068	-0.00118253	-0.00474381	0.0413243	-0.018769	-0.0154105	-0.0484164	-0.0187265	0.0375837	-0.0574405	0.0441459	-0.0816606	-0.0130772	-0.0734668	-0.0517612	0.0815157	-0.0936452	-0.0361339	-0.0174391	0.0821676	-0.0503384	0.160201	0.0835685	0.0333987	-0.0985786	0.0919687	-0.026795
x21	-0.0139423	0.0049168	-0.108709	-0.0316903	-0.0581299	-0.0517939	0.100746	0.0187787	0.0252329	0.0325449	0.00796022	-0.0399415	-0.148367	0.0598848	0.0553638	-0.0229628	-0.0284257	0.0558406	0.0931942	-0.0434685	0.0257626	0.0425646	0.0472145	-0.0425277	-0.0282522	0.0705824	0.000116347	-0.0939447	-0.0435929
y21	0.0386379	0.0178547	-0.00418476	0.00523093	-0.064719	0.13709	-0.0475943	0.0217132	0.00300027	0.051385	0.0420013	-0.0281115	0.109722	-0.047707	0.0562653	0.0624505	-0.0283876	0.0597496	-0.0339884	0.032329	0.0251732	0.128553	-0.153439	-0.0171775	0.168636	-0.000960624	-0.129605	-0.132314	0.126847
z21	0.0801352	-0.015443	-0.0297519	0.0836986	-0.0454981	-0.0509902	0.0559219	0.0159815	-0.0277856	0.00915919	0.0739087	-0.0357711	-0.0434547	0.0976885	-0.0210292	-0.0266956	-0.159642	0.0664832	0.0178563	-0.0213463	-0.127105	0.00492221	-0.0575514	-0.0433029	-0.133935	0.107444	0.00121624	0.0412894	0.00254292
x22	-0.0388725	0.0177223	-0.0441182	-0.0114135	0.0163863	-0.0378283	-0.0548729	0.0969734	-0.00236742	-0.0222287	-0.0371359	-0.0487349	-0.0238121	0.0569262	0.0273906	-0.0345113	-0.00528499	0.0953905	0.121533	0.0112206	0.155645	-0.0609903	0.0917198	0.0308465	-0.11862	-0.0790448	0.0657426	-0.015278	-0.0222151
y22	0.0579442	0.046522	0.00267494	-0.0327415	0.00713645	0.0890128	-0.0468328	-0.0475122	-0.0109607	0.103111	0.00214082	0.00899845	-0.0886214	0.0546029	-0.0992953	0.0587167	-0.123556	-0.112886	0.048548	-0.0824125	0.0215979	0.117474	-0.0891847	0.0456995	0.0376952	-0.0770041	0.0536606	0.0665988	-0.0988415
z22	0.0578024	-0.0147775	-0.0138564	-0.00287552	-0.0030181	0.0353751	-0.0377229	0.122848	-0.0366914	0.0597323	0.0829528	0.0325328	-0.00120409	0.0149201	-0.126366	0.0504257	-0.108849	0.0292688	0.0860578	-0.0493761	0.0920988	-0.0300149	-0.0484473	0.0527481	-0.0346907	-0.0239525	0.108604	-0.00731372	0.0154004
x23	-0.0621502	-0.0102584	-0.0822719	-0.097203	-0.0605217	0.122328	-0.0338219	0.0359089	0.0612972	-0.0530507	-0.0141839	0.011959	-0.139561	-0.0356652	0.0140506	-0.136992	-0.102914	-0.0525637	-0.0989174	-0.0230327	0.0791252	-0.0352143	-0.103074	0.0386045	0.0669103	0.00324232	0.0142762	0.0696015	-0.0904079
y23	-0.0374788	0.0841854	-0.00428591	-0.0537326	0.00731868	0.00601001	0.0777775	-0.0588128	-0.0371798	0.0964596	0.0456916	0.0305494	0.0260865	-0.0940442	-0.107271	-0.0280034	0.0919657	0.0394732	-0.065376	-0.132162	-0.050848	0.0374787	-0.0305323	-0.111751	0.138886	-0.101166	0.140471	0.0965453	0.0719331
z23	0.111544	-0.0874259	0.0369953	0.0737089	-0.00331623	0.0169977	-0.018822	0.00110904	0.0138966	0.0651611	-0.0127767	-0.202726	0.0226268	0.13107	-0.0826357	0.131329	-0.0121876	0.100131	-0.017085	-0.01705	0.0928305	0.116948	-0.00379101	-0.0181993	0.0262013	0.0688531	-0.0915953	-0.0302832	0.0184423
x24	-0.0407458	0.0295615	-0.122564	-0.0901948	-0.0453241	0.145957	-0.0207892	0.0492456	0.0689238	-0.080211	0.0437313	0.0415507	-0.0127106	0.00661512	0.0813729	-0.126826	-0.0927847	0.00520603	-0.146254	-0.0835747	0.0356549	-0.0815955	-0.151469	-0.0647868	-0.0544435	0.0184225	-0.0110487	-0.00859458	-0.0425716
y24	-0.0547625	0.0731888	-0.0274351	-0.0565539	-0.00596772	-0.061785	0.119031	-0.0113382	-0.0225507	0.150436	-0.101582	-0.0994176	-0.147517	-0.111189	-0.125057	-0.0733708	-0.0279166	0.06696	0.0359443	0.0337849	-0.0534196	0.0569805	0.0955444	0.00134772	0.0168862	0.0326673	-0.0801194	-0.0540893	0.031115
z24	0.102085	-0.0616051	0.0119923	0.0664889	0.0356239	0.110996	-0.0225095	-0.0034454	-0.0229949	-0.0342708	0.0466979	-0.0543879	0.042983	0.110793	-0.0662626	-0.0535908	-0.0175482	0.00188847	-0.0573608	-0.00136916	0.0142477	-0.0343056	-0.0787173	-0.133881	0.0152353	-0.00384723	-0.0197593	0.0857443	0.0114457
x25	-0.0188757	-0.0169895	-0.0886852	-0.0887234	-0.00814136	0.127173	-0.0521661	0.139679	0.0504161	-0.0261467	-0.0569579	-0.0691623	0.00879972	-0.0381168	0.017998	-0.0128654	0.0732751	-0.091207	-0.0605	0.055762	-0.0186197	0.0417585	-0.075323	0.0574701	0.086061	0.0959178	-0.0321045	0.0215835	-0.14009
y25	-0.0139681	0.0319401	-0.0125348	0.017401	-0.0333677	0.00484779	0.081797	-0.141853	-0.100767	0.108731	0.076151	0.00639254	0.0069974	0.0194513	-0.146071	-0.0891224	0.00247845	0.0355555	-0.0594267	-0.0231543	0.113236	-0.00682271	0.166813	-0.0584342	-0.0295551	-0.0496201	-0.00491203	-0.0927039	-0.110938
z25	0.164043	-0.0568485	0.00015079	0.0992487	0.0725232	0.0304332	-0.0278174	0.0963904	0.00337965	-0.0113441	-0.130303	-0.231871	0.206544	0.0490377	-0.071928	0.00979502	-0.000649244	0.0879221	0.0556279	0.0707105	-0.126824	0.0196806	-0.00565217	0.0450308	0.0426937	-0.0917314	0.0714738	-0.0150189	-0.0647483
x26	-0.0404197	-0.0114102	-0.0606087	-0.140815	-0.0698139	0.0875217	-0.060528	0.0655329	0.116908	0.00546184	-0.0356713	-0.0411246	-0.215528	-0.0663747	-0.0296118	0.111353	0.0541158	-0.112109	-0.0736469	-0.0127486	0.0961744	0.145611	-0.0574497	-0.01586	-0.132376	-0.0816636	-0.0111137	0.0409141	0.0581195
y26	-0.0363631	0.0517964	-0.00357382	0.0423914	-0.030596	0.057359	0.128073	-0.0635867	-0.135931	0.0742931	0.104246	-0.049006	0.100812	0.151249	-0.118094	-0.154481	-0.00296563	0.0286318	-0.0284459	-0.0323593	-0.0809046	-0.157742	-0.0840319	-0.0555716	0.159881	0.0755271	0.105225	0.00654264	0.189677
z26	0.159974	-0.0895071	0.0130267	0.0569651	0.0162627	0.0536706	-0.0833618	0.0750127	0.0406371	0.00176281	-0.140036	-0.0714911	-0.0374504	0.00703224	-0.0151487	-0.00594764	0.0504703	0.0945985	-0.000135246	0.0259257	-0.0670502	0.137585	0.0197966	-0.0236233	-0.110624	-0.253566	0.0596321	0.190416	0.0139748
x27	0.0204148	0.0423009	-0.0380446	0.00140285	-0.0162734	0.00257144	-0.0645749	-0.00446828	-0.0157674	-0.012753	-0.0263633	-0.0716565	0.00545816	-0.108993	-0.0251672	0.0244815	-0.0828671	0.00693938	-0.0256996	-0.0126332	0.0939807	0.0776638	-0.00404421	-0.0252114	0.0499253	-0.0344911	-0.152794	0.0681613	0.0283861
y27	-0.0677884	-0.0841991	-0.0251735	-0.206792	0.0487068	-0.0805463	0.264454	0.0864606	0.227738	-0.0816182	0.108159	-0.18008	0.0172375	0.100021	-0.0776518	0.0187798	0.112727	0.0248189	-0.106671	-0.000879571	0.0284446	0.133177	0.0647141	0.0550965	0.0100858	-0.120201	-0.0770209	0.0066328	-0.134401
z27	-0.0746394	0.0293574	0.0159947	0.0602475	0.0182033	0.0116204	-0.0222666	-0.0187179	-0.0474397	0.0128935	0.000125337	-0.09316	0.0383572	0.010258	0.0542643	0.122112	-0.0357382	-0.146017	-0.0138681	-0.0432959	0.041369	-0.00595213	-0.00776332	0.155701	0.0487413	0.00121562	0.0557307	0.153802	0.022281
x28	0.0338664	0.0197607	0.0126428	-0.0240508	-0.0262862	0.0253016	0.0589886	0.0196373	0.0682022	-0.00851001	0.101497	-0.0158159	-0.000282434	-0.0805215	-0.0100773	-0.00763868	-0.0572573	0.0445618	-0.0544379	0.0369338	-0.0941401	0.00108083	-0.00417863	-0.0202527	-0.00286679	-0.125084	-0.0604263	-0.0981752	0.0134323
y28	-0.014262	-0.11625	0.0350888	-0.0711785	0.0971214	-0.0602788	0.0523114	0.0808887	0.0855356	0.0547558	0.307935	-0.142208	-0.0216058	0.0150579	0.0373668	-0.115165	-0.145546	-0.163762	0.0656502	-0.0641077	-0.0749125	0.103657	0.0380856	-0.00635591	0.054558	0.00452521	-0.0717127	-0.014653	0.0353631
z28	-0.103985	0.0228179	-0.00650948	-0.00467807	0.0476408	0.034086	0.0391418	-0.0723077	0.0569456	0.037188	0.086151	-0.0474931	0.0639567	-0.012391	0.0276057	0.037532	0.0141967	-0.102166	-0.0724013	-0.0979255	-0.11041	0.0998528	-0.00824954	0.0323496	-0.00362832	0.0297741	0.0584103	-0.0139778	0.00270855
x29	0.0524445	0.0283718	0.0982465	-0.0746647	0.0101727	0.0627019	0.0264067	-0.0231996	-0.0913253	0.0079353	0.0331806	-0.0609705	-0.0572247	0.00126982	-0.0327774	-0.0686369	-0.0486352	0.0123412	-0.032009	0.0188369	0.046319	-0.0294023	0.00765666	-0.0129044	-0.0986266	-0.0365909	-0.0792974	0.144835	0.0493002
y29	0.0385492	0.0627107	0.0513142	0.0434267	-0.0607721	-0.107644	-0.118091	-0.0305717	-0.000240179	-0.101226	-0.0247018	-0.0959259	-0.166609	0.0236375	-0.126306	-0.061029	0.139253	-0.11166	-0.0119523	0.0875898	0.153875	-0.0129312	0.101414	0.0474999	0.144627	0.0748017	0.0500558	0.0144854	0.0432629
z29	-0.060722	0.00841605	-0.00367777	-0.0181317	0.0489234	-0.0288457	0.0122806	-0.0641944	0.0617245	0.0375611	0.0233527	0.0592447	-0.0181587	0.030626	0.0299028	-0.0175997	-0.0987569	-0.0179981	-0.015004	0.0188012	-0.0444427	0.00372649	-0.0127654	-0.0177819	-0.0480457	-0.0615998	-0.0782426	0.0679731	0.0300365
x30	-0.0103995	0.000529999	-0.00721193	0.00427331	-0.00422366	0.0182693	0.00627193	0.0085302	-0.0671707	0.0142469	0.0327243	-0.046713	-0.0347615	-0.00927751	-0.0420982	0.00745847	0.00274153	-0.00420575	-0.0362007	-0.00856424	-0.0324445	0.0045241	0.0459489	-0.0412278	-0.0829466	0.00552995	0.144298	0.0297205	0.00824342
y30	0.0777251	0.00261449	-0.0256905	-0.00182288	-0.0160434	0.00795717	-0.0144596	-0.0125752	-0.0341936	0.0880069	-0.0185786	0.0673921	-0.0247264	0.132138	0.233694	-0.0168608	-0.087907	0.0675514	0.0656102	-0.0232781	0.084755	-0.0238485	0.110935	0.00116568	0.0899129	-0.0596153	0.0402279	0.0168106	0.0257788
z30	0.0256227	0.0432786	-0.0650548	-0.0553368	-0.0390741	0.0519769	0.143488	0.0986841	-0.0612437	0.0143868	0.125324	0.117966	0.00463839	-0.161026	-0.0463323	0.0391761	-0.018808	-0.00894705	0.00265917	0.0343166	0.00722583	-0.0849182	0.056115	0.0381283	0.0484996	-0.0431128	0.0426918	0.0749392	-0.0728481
x31	-0.00410202	-0.00218482	-0.00470507	0.0018849	-0.0230691	-0.0344766	-0.0195241	0.00475303	-0.0193759	-0.0131089	0.0219615	-0.00721065	0.00546531	0.0117594	-0.00447535	0.00050992	0.0314958	-0.0466477	0.0142843	0.0289597	-0.0389329	0.0421943	-0.00181944	-0.0463313	0.00426369	-0.0248874	-0.000325885	-0.0351866	-0.00507868
y31	0.0368539	0.0141937	0.0289635	-0.0828656	0.0381187	0.105066	-0.0151807	-0.0162353	0.0110018	0.0925239	-0.148471	-0.0629913	-0.00522839	0.0335442	0.0437208	0.0571437	0.0942904	-0.195296	-0.0684558	-0.037111	-0.0295883	-0.0431501	0.0778761	-0.0385994	-0.0402984	0.0971486	0.0311038	-0.0138468	-0.0370984
z31	0.0615316	-0.0487802	-0.0168618	-0.0175881	-0.0103457	0.102407	0.108907	0.100669	-0.0531021	0.110479	-0.0640483	0.0796959	0.0706656	-0.082351	0.0355387	0.00641669	0.142854	-0.0922157	0.0508318	0.0466943	0.019729	-0.0333754	0.043837	-0.0281945	-0.0477917	0.0356962	-0.137664	-0.0880638	0.000724845
x32	0.00464835	0.00254971	-0.0717262	-0.0770188	0.0175056	0.0349452	0.00479171	-0.0804659	-0.0116769	-0.0228954	-0.0142476	0.0537483	0.0462788	0.0479697	-0.0198397	0.135082	-0.114553	0.121548	0.102373	-0.062995	-0.0815899	0.11652	-0.055724	0.00196384	-0.129698	0.100657	0.0335041	-0.026181	0.038132
y32	-0.0498421	-0.0820122	-0.0662206	0.120304	-0.00151605	-0.0726963	-0.0701401	0.0870291	-0.175071	-0.00574122	0.137398	0.116495	-0.09905	0.126603	-0.000259388	0.0457583	-0.0525308	-0.140664	-0.0204645	0.0126348	-0.0888978	0.0275802	0.0535666	-0.0610849	-0.0798716	-0.0269026	0.000193333	0.0982768	0.0424565
z32	-0.0215406	0.00388096	0.109534	0.0979807	0.0288395	0.0521203	-0.0936884	0.123764	0.0142224	0.002098	0.0334055	0.0298726	-0.0231639	-0.0304952	-0.0197156	0.0338151	-0.0601426	-0.0969898	-0.0691977	0.0567722	-0.0455429	-0.0312375	0.111338	-0.00264417	0.0595257	-0.0742814	0.051502	0.0882517	0.0265885
x33	0.0310477	0.00110165	-0.0324266	0.0333853	-0.0468685	-0.0126528	0.0112661	-0.0899111	-0.0331485	-0.033244	0.0648579	-0.0213767	0.077201	-0.0428791	0.0648685	-0.00854314	-0.0682168	0.00769478	0.1556	-0.0116154	-0.105227	-0.102733	0.0609668	0.0478929	0.0226362	-0.0366712	-0.0540833	-0.0493539	-0.0171593
y33	-0.0216349	-0.0751946	0.155591	-0.160789	0.17285	0.0137178	-0.103048	0.106196	-0.0781441	0.000859294	0.00594716	0.16197	0.047827	0.029754	-0.1427	-0.042402	-0.0798962	-0.0463358	0.0385844	0.0469634	0.0822781	0.117551	-0.168682	-0.0988797	0.0606693	-0.0392681	0.0441719	-0.206015	0.00510066
z33	-0.11222	0.0339455	0.0401247	-0.0343176	0.0547574	0.0924882	-0.073943	-0.00835285	0.000495447	0.0689142	0.0627651	-0.0297728	-0.010192	0.0698674	0.042123	0.014159	-0.0149019	0.0163087	-8.52459e-005	0.0193133	0.0536121	-0.0490288	-0.0328873	0.0154901	-0.0331421	-0.0386151	-0.0413633	-0.0084509	0.0258673
x34	0.0287767	0.00392746	0.0230937	-0.00346116	-0.0669389	0.00393453	0.0295792	-0.0684099	-0.0251355	-0.0539589	0.0708983	0.021286	0.0361361	-0.0922634	0.0302753	0.0148804	0.0274835	-0.0566068	0.09168	0.0694742	-0.0100755	0.0779787	-0.0264242	0.0644199	0.0590926	-0.0220956	-0.0583736	-0.00449416	0.0574154
y34	-0.00833153	-0.0674884	0.107216	-0.0611277	0.214645	-0.00360426	-0.0801571	0.0552292	-0.00662548	-0.0720205	-0.0475257	0.0445924	0.0455227	-0.010638	-0.00593756	-0.0838564	-0.0983594	0.0897502	0.0137804	0.0819086	0.0300804	-0.0368987	0.0673312	0.081935	0.0154488	-0.0450407	0.0418534	-0.0299892	0.020371
z34	-0.116565	0.0222693	0.0132409	0.0051548	0.0287302	0.0376549	-0.026099	-0.0092899	-0.0164646	0.0415724	0.0448293	-0.002035	0.029747	0.0935647	0.042656	0.0183082	0.0574504	-0.0169746	0.0621653	0.0333524	-0.00590721	0.0223424	-0.0366691	-0.000365733	-0.0290788	-0.0454224	0.00523181	-0.0774185	-0.019467
x35	0.0301752	0.0195185	0.083048	-0.0434407	-0.0143221	0.0645018	0.0191301	-0.0126101	-0.0366407	-0.026449	-0.0174105	0.0210318	-0.0582727	0.0539339	0.0106591	0.023148	-0.0313138	0.0612117	0.0597352	0.0419011	-0.04319	-0.0404013	-0.0478862	0.00519954	-0.0563174	0.0332856	-0.0453978	-0.00695489	-0.0724788
y35	0.0375926	0.0547597	-0.0142408	0.00357765	0.0983952	-0.0383085	-0.021488	0.0273832	0.0644797	-0.0712411	-0.0294624	-0.00624678	-0.051695	-0.189201	0.0235904	0.0308812	-0.00324358	0.161277	-0.118506	-0.0384516	-0.0698514	-0.056067	0.0533131	0.018019	0.0491533	0.00607544	-0.0183716	-0.0898114	-0.0350628
z35	-0.0989053	0.0340745	0.0224327	-0.0219615	0.00529888	-0.00504511	-0.0440563	-0.0343993	0.00690464	0.0289571	-0.0396084	-0.00487851	0.0283858	-0.00289737	0.0174863	-0.0871779	0.0293836	0.0144253	0.0308394	0.0317916	-0.0359097	0.0157589	0.0807446	0.0347434	0.00320168	0.0330839	0.0586495	-0.0470817	-0.033941
x36	0.0398687	0.0410514	0.119622	-0.0593898	0.00132829	0.0170436	0.0115252	-0.0404024	0.00360519	-0.0797631	-0.0295116	0.0229751	-0.0595224	0.0275216	0.0248913	0.00680506	0.00833837	0.0568242	-0.0170525	-0.00705773	0.0188166	0.0568917	-0.0261229	-0.0695119	0.101552	0.0190064	0.00096428	0.00164773	-0.0027408
y36	-0.015931	0.0946614	0.00174023	0.189725	0.0570893	0.0778434	0.0673871	-0.0181742	0.000892196	-0.194954	-0.00261506	-0.0446132	0.0626587	-0.0129425	0.0287939	-0.00637717	-0.166684	-0.0659717	0.0147739	0.04938	0.134613	0.0132792	0.0122241	-0.088479	-0.0623271	-0.0965398	0.0582845	-0.0581451	-0.00465892
z36	-0.0709182	0.0205389	0.0178272	0.0603596	-0.0400201	-0.00918766	-0.0223842	-0.0258072	0.0488858	-0.0550786	0.0241376	-0.0103134	0.0185798	0.0376133	-0.0539095	-0.0719358	-0.0551834	0.00497792	-0.0285961	0.0473091	-0.00514546	-0.0217838	0.0315473	-0.00233216	0.0552912	-0.0223879	-0.0385272	-0.121927	0.0223229
x37	0.0274696	0.14426	-0.040056	0.0636849	0.0651349	-0.0443084	0.107797	0.107356	0.0937995	0.00374893	-0.0869184	0.00414706	0.0544607	0.120294	-0.0566066	-0.0686594	0.0206706	-0.110862	-0.0320099	0.0601031	0.0535644	-0.0454556	-0.0787991	0.0987112	0.0356091	0.0328111	0.137746	-0.114854	0.0281281
y37	-0.0845989	-0.140757	0.109757	-0.0285682	-0.085917	0.135117	0.104676	-0.111076	0.0985317	0.025951	-0.12738	0.0966778	0.155253	0.120324	0.0515864	0.0425622	0.0579574	-0.0396159	-0.00951003	0.0683331	0.0244193	-0.0981623	0.00591657	0.0267538	-0.0685468	-0.0749144	0.00253796	-0.0422874	0.0250446
z37	0.0693317	-0.0211431	-0.144224	-0.102619	0.044366	-0.0382556	-0.0549615	-0.1065	-0.0770683	0.0336445	0.067032	-0.0316687	0.0960368	-0.0751238	0.0509469	-0.0512085	0.0245322	0.112658	-0.112769	0.0273588	0.0891097	-0.049941	-0.0514889	-0.104936	-0.134618	-0.0257799	0.115649	-0.0778284	-0.0249961
x38	0.0271577	0.0854465	0.0441705	0.00543074	-0.0460991	-0.0266769	-0.0315426	-0.00752033	0.00646542	-0.00417147	-0.0167878	-0.0559603	0.0026247	0.0510739	0.0376836	-0.0318435	-0.0518069	0.056766	-0.148881	0.101896	0.0185837	0.000450586	-0.0882997	-0.00622358	0.109105	-0.071558	-0.0395609	0.0753818	-0.0355747
y38	-0.0706138	0.144349	0.0700498	-0.0848024	-0.245513	-0.152125	-0.067114	0.178504	0.0485413	0.0269978	0.00129738	0.00447888	0.191935	0.0166837	0.0172082	0.0364528	-0.0224045	0.0147364	0.0902408	-0.144278	0.0556113	0.0752471	-0.103106	-0.0456155	-0.0344551	0.0338477	-0.0179823	0.1073	-0.00254167
z38	-0.0447922	0.0286507	-0.0155327	0.00679328	0.0446569	-0.0365604	0.0056527	-0.0966773	0.0304924	-0.0125148	-0.101912	-0.0414218	-0.0185215	0.0116126	0.00399995	-0.026045	-0.00602838	-0.0412667	-0.0440403	0.0203381	-0.0338928	-0.0321087	-0.0100043	-0.127804	-0.0460418	0.0753215	0.0157093	0.0226999	-0.00963051
x39	0.0329618	0.0937382	0.0470291	-0.017134	-0.0620312	0.00859083	-0.0122975	-0.0279708	-0.0104652	-0.0117926	-0.0384902	-0.0435464	-0.0322531	0.0473062	0.0594708	-0.0315926	-0.0292234	0.0741898	-0.0967562	0.0956051	-0.0403945	0.0233921	-0.0687019	-0.0132588	0.0552283	-0.053857	-0.0487792	0.0636649	-0.129594
y39	-0.0668918	0.143572	0.0571738	-0.0566315	-0.213349	-0.146234	-0.111666	0.147711	0.0367836	-0.0194846	-0.0229654	0.0707226	0.110863	-0.0544712	0.00213009	-0.0614688	-0.013135	0.0840214	0.0276479	-0.0476548	0.0138021	0.0890564	0.0254044	-0.0449249	-0.158527	0.214594	0.126479	0.137488	0.00681535
z39	-0.0472846	0.0240383	-0.0155453	-0.00615273	0.0619329	-0.057757	0.00533588	-0.0880796	0.0179491	-0.0335856	-0.102593	-0.0420479	-0.0113776	0.00503339	-0.0258867	-0.00678601	-0.0474105	-0.0645162	-0.0390578	0.0241137	-0.0396662	-0.023915	-0.0624671	-0.125709	0.0152848	0.053644	-0.0264338	0.0535509	0.00765264
x40	0.0379335	0.0819353	0.0468319	-0.0779283	-0.0684006	0.0144292	-0.0408499	-0.00524536	-0.0848902	0.0247462	-0.0176097	-0.0413329	-0.0189033	0.0159427	0.0609452	-0.0353135	-0.0660222	0.00250255	-0.073367	0.0294428	-0.0315269	0.0488223	0.00816297	-0.00435903	0.0979299	-0.00683979	0.0429626	0.0077522	-0.0251084
y40	0.0554347	0.0434167	-0.0227316	0.0117503	0.000602337	-0.0296243	-0.0220657	0.0153128	0.0372791	0.0398736	-0.0547123	0.0969819	-0.0010231	-0.0627909	-0.028791	0.0018071	-0.0371499	0.00734773	-0.140065	-0.011038	-0.0277666	0.061761	0.00890796	0.00211731	0.0367959	0.0361386	0.0787447	-0.0309938	0.0214515
z40	-0.042785	0.013994	0.0223406	-0.00501496	-0.0203119	-0.106632	0.0488478	-0.084442	0.0250457	-0.0727865	-0.039403	0.0152728	-0.0642308	0.0577644	-0.103983	-0.0332452	0.0253363	-0.015887	-0.0598753	0.044815	-0.043966	-0.0830858	-0.037747	0.106145	-0.0959606	-0.0548355	-0.00980275	0.00238798	-0.0199851
x41	0.0413421	0.0701236	0.0616144	-0.0400898	-0.022741	-0.00823405	-0.00621966	-0.0168676	-0.0150474	0.00011953	0.0212651	-0.0411589	0.0198726	-0.0281203	0.00439067	-0.0577519	0.0196937	-0.0995078	-0.0718891	-0.140575	-0.0657136	-0.0527793	0.0617024	-0.0620048	-0.0321439	0.00760729	-0.0506227	-0.0249211	-0.119972
y41	0.0463123	0.0343347	-0.0083277	0.0120712	0.0592581	-0.00098631	0.00656635	0.0334875	0.0342223	-0.0203153	-0.0207602	0.11534	0.00318022	-0.0348269	-0.121595	0.0170845	0.0386723	0.0278001	0.00989398	-0.0704166	-0.068745	-0.0867747	0.0357982	-0.0166716	-0.0079163	0.0277554	-0.075336	0.0640451	0.0641552
z41	-0.0143673	-0.00221014	0.0418811	0.0278759	-0.0410812	-0.0889889	0.0480762	0.00486808	-0.0027743	-0.0381454	-0.0805668	0.00566999	-0.0285179	0.0044243	0.0275396	0.0755571	-0.0576198	-0.0932239	0.0649413	-0.0291044	0.00710498	0.105903	-0.131667	0.00843819	0.0658171	-0.0305927	0.0166842	-0.0517312	0.0255785
x42	0.0311404	0.0433727	0.0339478	-0.00730201	-0.0215644	0.05514	0.00756349	-0.00401476	-0.0842398	0.00179737	0.018894	-0.0457896	0.0353237	0.0158628	-0.00877575	-0.0745078	-0.00170741	-0.00235977	0.0628902	-0.0563896	-0.043603	0.0147708	0.0712124	0.0998929	-0.0326112	-0.00435164	0.0165469	-0.0265781	-0.0160805
y42	0.0697617	0.0249088	-0.0328165	0.0634925	7.49055e-005	0.0676421	0.0665747	-0.0154128	-0.0150907	0.00926982	0.0639156	0.056492	0.0131178	-0.00411472	0.044948	0.0446341	0.0426585	0.0104865	0.00394096	-0.057833	0.0217251	0.00555649	-0.0462198	0.0553275	-0.0681155	0.116088	-0.0636672	0.0580486	-0.0405702
z42	-0.0282347	-0.00881344	0.0252382	-0.0228285	-0.00532655	-0.0967974	0.0469613	-0.0665323	0.0192071	-0.0227843	-0.0406021	0.0529956	-0.0374673	0.0148946	0.0195934	0.00440414	0.0243101	0.0162866	-0.0200227	0.0783258	0.0625875	0.0455974	-0.0114919	0.0477606	-0.0168989	-0.0103427	0.061481	0.007178	0.0272407
x43	0.0437409	0.108272	0.078676	-0.0601864	-0.0159123	-0.020244	0.0112163	-0.046133	-0.0252451	0.0248779	-0.0108476	-0.0188599	0.021487	0.00380098	0.0194506	0.029531	0.00816492	-0.0186227	-0.0305813	-0.150636	-0.0247526	0.0166831	0.0268188	0.0167519	0.0158916	-0.0378333	0.00452451	-0.142328	-0.0584777
y43	0.0253167	0.0543485	-0.0387037	-0.00854613	0.0557538	-0.0696579	-0.00616238	0.0158381	0.0663131	-0.00577556	-0.0670886	0.15425	0.085364	-0.008244	-0.117922	0.0115567	0.13734	0.0105145	-0.105146	-0.139561	-0.044313	-0.00829767	0.0441027	0.0512673	-0.156481	-0.0988946	-0.0406608	0.0191668	0.00490839
z43	-0.042868	0.00549882	0.0368634	-0.0250537	0.0284003	-0.113841	0.0500902	-0.0303827	0.0497181	-0.0518767	-0.0616139	0.0550163	-0.0497186	0.0153188	-0.0483031	0.0368366	0.0383801	-0.0121658	0.0231703	-0.0700594	-0.0222625	0.0350057	-0.0192543	0.015104	-0.0124449	-0.0738393	-0.0490833	-0.0297205	0.002343
x44	0.0418364	0.0729799	0.0608742	-0.0560842	-0.031532	0.0173951	-0.0113929	-0.015171	-0.0505772	0.00518071	0.0412899	-0.0490847	0.0276693	0.0227419	0.00114123	-0.0517025	0.0163692	0.0279789	-0.0368433	-0.127859	0.0404784	0.0028855	0.0947372	0.0966101	-0.0114562	0.0158042	-0.00224299	-0.0231696	0.0438834
y44	0.0437971	0.0349582	-0.0215325	0.00681993	-0.0071346	-0.0118205	0.0749094	-0.0181683	-0.0164851	-0.0422365	0.0252054	0.0534125	-0.0585921	0.016122	-0.00138522	0.0937853	0.041241	0.0147088	-0.0112391	-0.092059	-0.0276302	0.00828326	-0.0699704	0.00478709	0.0465473	0.0241973	-0.0269798	0.0746739	0.0449828
z44	-0.0250169	0.0161914	-0.00484442	-0.0175716	-0.01054	-0.0833248	0.0471917	0.00373989	0.03136	-0.0421083	-0.0776833	0.0018174	-0.0724568	0.0149433	-0.0131452	-0.0767387	0.00472804	-0.0286781	-0.00489133	-0.0145673	0.0202097	0.0266912	0.013817	0.107751	-0.0410324	0.0860821	0.066439	-0.0187437	0.00144269
x45	0.0347576	0.0651562	0.0406801	-0.0197105	-0.0114901	-0.00436011	-0.0276771	0.00732676	-0.0469546	0.00024815	0.0172703	-0.0443625	0.02285	-0.00647933	-0.0251966	-0.0704511	-0.04194	-0.0580895	-0.038032	-0.0786411	-0.110855	-0.0794462	0.00103056	-0.0262336	-0.0386429	-0.00648705	0.0004193	0.0543232	-0.080821
y45	0.0634685	0.0389426	-0.0115371	0.0213729	0.0217685	0.0214509	0.0363718	0.0467471	0.00105867	0.00967266	-0.0286435	0.0890242	0.0147106	-0.0511113	-0.0306314	0.0785117	0.0405832	0.014174	0.0579691	-0.113778	-0.0486658	0.00941429	0.0118512	0.023655	0.00507941	0.0349149	-0.0386521	-0.0251643	0.00265315
z45	-0.00492552	0.024799	0.0208794	0.00369622	-0.0585049	-0.0563957	0.0448373	0.0103798	0.0198259	-0.0369099	-0.044232	-0.00125712	-0.00518109	0.00718714	0.0650535	0.0664004	-0.00546479	-0.104541	0.0532689	-0.0300433	-0.0505185	-0.0166326	0.0260025	-0.0157659	0.0341725	-0.102577	-0.0243288	-0.0467733	-0.0190033
x46	0.0568418	0.0133447	0.0497927	-0.0382181	0.0381208	0.0909542	0.0208498	-0.00338715	-0.0720827	0.0137918	0.0126891	-0.0224738	0.0107195	-0.0402904	-0.0217582	-0.0405862	0.0186023	-0.0435838	-0.0771538	0.0444347	-0.006693	-0.056283	-0.000969404	-0.054277	-0.0138104	0.0774594	0.0409559	-0.134484	-0.0155486
y46	0.0650557	0.0390879	-0.0232486	0.0106056	-0.000153903	0.0312496	0.0500583	-0.0200997	0.0169489	0.0498755	0.0197499	0.0794879	-0.00262853	0.0422167	0.0223607	0.0102233	-0.0389389	-0.0230014	0.0168144	-0.056966	0.0234323	-0.0666513	-0.0390755	0.00472469	-0.068893	0.10861	0.0263041	0.0272462	0.117513
z46	-0.00575663	0.0110779	-0.0235815	-0.0162996	-0.0488328	-0.084502	0.0747605	-0.037793	0.0132782	-0.0914468	-0.00604423	0.0171704	-0.0354848	0.0617746	0.0333388	-0.0460029	-0.0637561	-0.0229583	0.0634329	0.0453534	0.00581646	-0.171921	-0.00942928	0.0214019	0.00986053	0.158297	-0.0355413	0.0861702	0.0125079
x47	0.0484045	0.0427674	0.13425	-0.0400742	0.0419668	-0.0522069	0.0319625	-0.0195354	0.0164159	-0.0176275	-0.0498503	0.0493894	-0.00693663	0.0316453	0.0162755	0.0169794	0.0404228	-0.00501545	0.0273668	-0.0352606	-0.0361506	0.0280379	0.0344334	-0.0675985	0.138829	0.122553	-0.0277878	-0.0662077	0.000823947
y47	-0.0182918	0.0217109	0.032155	0.000270427	0.0100294	0.019572	0.0573005	-0.0440454	0.0080356	0.0791805	-0.0765947	0.150561	0.14969	0.00313806	0.0864774	-0.105907	-0.0773082	-0.00246334	0.00579663	0.138001	-0.132934	0.161996	-0.0287221	0.0758418	-0.0145829	0.0329812	-0.0773127	0.0848006	-0.0555417
z47	-0.0484235	-0.0290843	0.0147716	0.00957187	-0.0550282	-0.0116597	-0.0503959	-0.0288994	0.0123222	0.0188134	0.0283787	-0.0139567	0.0430154	-0.0214	-0.0256865	-0.0545056	-0.047251	0.0781546	-0.0323002	0.0230264	-0.106704	0.0139692	-0.0575575	0.0576049	0.0402541	-0.0205693	-0.0545648	-0.0555025	-0.0402961
x48	0.0398044	-0.00481353	0.0231801	-0.0100979	-0.0150167	0.0224981	0.0263231	-0.065371	-0.0307387	-0.00957264	0.00599849	-0.0523247	0.0116622	-0.0988673	-0.0343495	0.0185877	0.131309	-0.05217	-0.0562373	0.109865	-0.182969	0.0700675	0.00795952	-0.0228102	0.0618698	0.0957416	-0.0145291	0.00939168	-0.021924
y48	0.0820321	0.0645153	-0.00479649	-0.0789631	-0.0468759	0.0633294	-0.086888	0.0148177	0.0540752	0.0563678	0.0173722	-0.0354808	-0.104515	-0.0764672	-0.0914827	0.0793413	-0.0147425	-0.135115	0.0863619	0.191818	-0.0524451	0.086462	-0.10563	0.138038	-0.061829	-0.00628317	0.139673	-0.0625576	-0.0116137
z48	0.0665886	-0.0176704	-0.0157199	-0.0382851	-0.0493351	0.0108095	-0.0677825	0.129242	0.0249519	0.0148647	0.11521	0.0689908	-0.00856871	-0.0380037	-0.125293	-0.0124991	-0.0513931	-0.0739763	0.0994907	0.0446177	0.0808849	-0.044475	0.0285482	0.121933	-0.0396154	-0.0635564	0.159836	-0.0494483	0.0210328
x49	0.0797893	0.00953665	0.0953036	0.0901301	0.039491	-0.133411	-0.0186487	-0.0962355	-0.014189	0.0421936	0.0873914	0.100969	0.100365	-0.077216	-0.0170462	0.0463436	0.118137	0.0144989	0.0878862	0.00781284	-0.0247337	0.0633778	-0.0218407	0.0753377	-0.0295085	-0.0781855	0.0970816	-0.00136215	0.0250978
y49	-0.0243712	0.079886	-0.0107498	-0.081684	0.0504105	-0.057271	0.107924	-0.0470174	0.0888725	0.12627	-0.0616051	0.0184686	0.0343509	-0.110247	-0.149218	0.129124	0.0130668	-0.0377093	0.0618599	0.0167907	0.0154457	0.0126644	0.0636264	-0.0922058	-0.0222611	-0.0613498	-0.0530016	0.0930096	-0.0936391
z49	0.137887	-0.0756593	0.0574344	0.0508689	-0.00981174	-0.0226184	-0.0666807	-0.0518892	0.126095	0.0496615	0.0817345	-0.0425141	0.0573503	0.0697224	-0.0932945	0.0274901	-0.020395	0.0131152	-0.086376	-0.0299015	0.0934083	0.0914762	-0.0139808	-0.00361155	0.00100432	0.132553	-0.0433006	-0.0178068	-0.00125661
x50	0.0805347	-0.0722955	0.115637	0.0806366	0.0127649	-0.106008	-0.00085933	-0.180477	0.0228222	0.0503019	0.112278	0.0914872	0.00243628	-0.0920515	0.00539085	0.0305393	0.093671	0.047028	0.0470892	-0.0158137	-0.0330071	0.00262888	0.104296	-0.129404	0.112283	-0.0500729	-0.10101	0.133002	-0.0316398
y50	-0.0376261	0.0401648	-0.020917	-0.0446985	-0.0570458	-0.0775156	0.107794	0.0177143	0.0284804	0.156453	-0.102905	-0.0627005	-0.0447563	-0.110548	-0.116328	0.0651404	-0.228534	0.17971	0.0666089	0.235654	0.00323224	-0.00448072	0.0496094	-0.227715	0.0510712	-0.0282181	-0.0624493	0.0794109	0.122889
z50	0.120687	-0.0478807	0.0412904	0.0653468	0.0338547	0.055029	-0.0429757	-0.0548335	0.101317	-0.0153477	0.0799135	0.00925439	0.0108865	0.096511	-0.12571	-0.0796056	0.0575232	-0.0580697	-0.0566268	-0.0896625	0.0986892	-0.0279944	0.0105237	-0.0297603	0.0079366	0.127659	-0.0136495	-0.0223361	-0.00508361
x51	0.0286066	0.0178298	0.0741763	0.104879	0.0167037	-0.127074	0.0376692	-0.163175	0.0271959	0.0329674	0.0982534	0.10539	-0.0606965	-0.00854696	-0.0446311	-0.0110934	0.0760667	0.0494557	0.113526	-0.107323	0.0449471	0.00944808	-0.0316441	0.0268539	0.0177621	-0.136371	0.0414277	0.0872077	-0.0925504
y51	-0.00478227	0.0240329	-0.0199522	0.0382032	-0.0159248	0.0205335	0.0903233	-0.0675619	-0.00948649	0.11201	0.0988993	0.0438042	-0.115204	0.0661636	-0.179801	0.161245	-0.0341041	0.0107045	0.0140927	0.0178719	0.0839253	0.0296856	0.0883943	0.0915979	0.0980038	-0.00144195	-0.0662568	-0.0785594	-0.0682814
z51	0.190347	-0.0588169	0.0375083	0.0664704	0.0476446	-0.0201829	-0.0769177	0.0202114	0.126423	-0.00899064	-0.0322022	-0.0808799	0.176922	-0.0249427	-0.0897024	-0.102244	-0.0674449	0.0301162	-0.100042	-0.091904	-0.0154107	-0.0649179	0.0201837	-0.109952	-0.0313775	0.0290847	-0.017938	0.055138	0.0118392
x52	0.0571708	0.0133756	0.0670585	0.155356	0.0926284	-0.133218	0.0194625	-0.116796	0.000742044	0.0132701	0.123086	0.0874347	0.130254	0.0463612	-0.0264108	-0.0215076	0.0677008	-0.0111789	0.0870384	0.0500149	0.0907054	0.0340651	-0.145065	0.109561	0.111866	0.0784314	0.0837302	0.0742983	-0.075329
y52	-0.0265308	0.055315	-0.000781075	0.0511725	0.00502686	-0.00188591	0.143889	-0.0181886	-0.0357879	0.0740507	0.00458293	-0.0201603	0.0918744	0.171404	-0.206623	0.00861828	-0.0731529	-0.0271795	0.0216287	0.192942	-0.0281539	-0.117999	-0.0933526	0.0514762	0.0889968	-0.00799382	0.0467862	0.088018	-0.0206213
z52	0.182202	-0.0911384	0.0366123	0.0340075	-0.0254413	0.0469883	-0.139395	-0.0389012	0.128849	0.011624	-0.0504255	0.0604243	-0.0758645	-0.0491631	0.0125888	-0.091271	0.0230947	0.0651645	0.0362264	-0.16311	-0.0216441	0.100753	0.099471	-0.131982	0.0111419	-0.0727358	0.0646826	-0.010079	-0.00825901
x53	-0.0654325	-0.02573	-0.0729858	0.0446947	-0.0406012	-0.0527228	-0.0397304	-0.00533814	-0.0155204	-0.0296	-0.0884143	-0.0103465	0.0507165	0.00666724	-0.02292	0.0304808	-0.0509327	-0.051217	-0.0233988	-0.0302108	-0.0123393	0.0160792	0.0684603	0.0347285	-0.0026365	-0.0234027	-0.0364818	-0.070152	0.0240685
y53	0.0123456	-0.0154732	0.0260037	-0.0553202	0.0303492	-0.0757911	-0.0691881	0.020648	-0.00713097	0.00992279	0.0237997	-0.0594045	-0.0698353	0.0120495	0.0124796	0.0299005	0.102268	-0.0861665	0.11411	0.0637588	-0.066893	-0.042953	-0.00199719	0.00133356	-0.0333953	0.101407	-0.00528883	0.0630619	-0.0250804
z53	-0.0925611	0.033576	-0.0128666	-0.0315738	0.0699528	0.00171951	-0.0299761	-0.0590814	0.00938483	0.0229172	0.0429934	0.000870901	0.0202409	-0.0400168	0.0083931	0.00117945	0.0263199	0.00888488	0.0219504	-0.00724183	0.000977124	0.00197329	-0.110087	-0.0576292	0.0595267	-0.00481876	0.0255133	0.0582996	-0.0216657
x54	-0.0721341	-0.0218035	-0.108824	0.0631011	-0.0112447	-0.0199686	-0.048171	0.0551077	0.0232304	-0.0948694	-0.0509551	0.0701812	0.0315036	0.0521763	0.0638166	0.0195862	0.0638259	0.034101	-0.0445015	-0.00390889	-0.0670587	0.0897238	0.060975	-0.0361349	0.100805	-0.0280843	-0.0213395	0.00661207	0.00500761
y54	0.0496004	0.0300641	-0.00726208	-0.00296272	-0.0194171	-0.121578	-0.0356719	-0.126495	-0.000827004	0.0586488	0.0119482	-0.146247	-0.0193536	-0.0644781	0.0922144	-0.0458022	-0.00390792	-0.0593359	0.0325746	0.0601886	-0.0377624	-0.0420736	-0.0500525	0.0281773	-0.147188	-0.0717058	-0.0340509	-0.0360626	-0.0581356
z54	-0.0751064	0.0224429	-0.0192176	-0.0112473	0.0546247	0.00480271	-0.00773725	-0.00411519	-0.0473823	-0.00465818	0.0543919	0.0745612	-0.0833987	0.0285883	-0.002049	-0.0627508	-0.0383419	0.0131389	-0.059528	-0.0544063	0.00178697	-0.0188407	-0.0330393	0.000954768	0.0948905	-0.0250264	-0.00556349	0.00138639	0.00185993
x55	-0.0663283	-0.0060309	-0.0983979	0.0586952	0.00676603	-0.00118775	-0.0322929	0.0715102	0.00732991	-0.0944739	-0.0630515	0.0901717	0.00116398	0.0829626	0.0589735	0.0214126	0.0860562	0.0425367	-0.0475833	-0.0324997	-0.0325738	0.112773	0.059209	-0.0274891	0.130609	0.00052096	-0.00732281	0.0873495	0.0146284
y55	0.0585526	0.0167655	-0.0243819	0.00877434	-0.0197686	-0.0764762	-0.0154786	-0.0882465	0.0148435	0.0507596	0.0366254	-0.0974515	-0.00099533	-0.0473798	0.160465	-0.0570968	-0.0293306	-0.0664741	-0.00404129	0.0288444	-0.0806511	-0.0397859	-0.0328058	-0.018821	-0.0517906	-0.0623338	-0.0391098	0.00421572	0.0431804
z55	-0.0484752	0.0168831	-0.0312744	-0.0127268	0.0288758	0.00368287	0.00528969	0.0168855	-0.0430164	-0.0410636	0.028757	0.0784892	-0.123141	0.0170917	0.0203542	-0.00212665	-0.000701148	0.0385163	-0.0680108	-0.0069856	0.00588641	-0.101001	-0.0223613	-0.0140861	0.0986854	-0.00858378	-0.0201834	0.0365526	-0.0469739
x56	-0.0545813	0.00436498	-0.0776802	0.0510307	0.0201291	0.0125891	-0.0134146	0.0737199	-0.0210204	-0.068773	-0.0612337	0.0534093	-0.00724048	0.105271	0.025357	0.00300037	0.0853865	0.0508263	0.0315477	-0.0366886	0.00672517	0.0689826	0.0221075	-0.00908818	0.0709572	-0.00626511	0.0612277	0.079309	0.0041244
y56	0.0719414	0.00646569	-0.0298306	0.00834688	-0.0141168	-0.0272178	-0.0256648	-0.0546645	0.00415808	0.039596	0.0153402	-0.030566	-0.0215636	0.0113314	0.201973	-0.0182404	-0.0182591	-0.0507096	0.013224	0.0150221	-0.062058	-0.0112957	-0.0170273	-0.0240458	0.00793973	-0.0101267	0.00554564	0.0128667	-0.0138442
z56	-0.00213952	0.0238226	-0.0472797	-0.0424676	-0.00335631	0.00945338	0.0126674	0.0428348	-0.0278035	-0.0454884	0.0595243	0.0901796	-0.07945	-0.0360659	0.0617042	0.090378	0.0389233	0.0385165	-0.0733024	0.0360576	0.0329789	-0.0872658	-3.63481e-005	-0.00694163	0.0662656	0.049544	-0.016621	0.0218417	-0.0616916
x57	-0.0321627	0.00920697	-0.043667	0.0254787	0.0301632	0.00485103	0.0175893	0.0393268	-0.0375219	-0.0138139	-0.0395368	-0.00823523	0.0118729	0.0998192	0.00906718	-0.0190097	0.0282738	0.0609484	0.0665535	-0.0259719	0.0357109	0.00909117	0.001845	-0.00631141	0.0205893	-0.0528716	0.101375	0.0234658	-0.0310327
y57	0.0675971	-0.00107164	-0.0260643	0.0031297	-0.00922579	-0.00902096	-0.0417732	-0.0150024	-0.0381072	0.026947	-0.0276169	0.0354217	-0.0470674	0.0959491	0.215941	0.00862299	-0.0342458	-0.00627746	0.0191292	-0.00894685	0.0186213	0.0151737	0.0453567	0.00398579	0.0733602	-0.017081	0.0122675	0.0318889	0.00866278
z57	0.0244425	0.0379332	-0.0525938	-0.0718418	-0.0354297	0.0426176	0.0500055	0.0657279	-0.0481837	-0.0221664	0.102143	0.0969329	-0.0238853	-0.116587	0.0396736	0.120783	0.0322631	0.0291787	-0.0696204	0.033475	0.0572409	-0.0474755	0.0289993	0.0382519	0.0352399	-0.0106349	0.054002	-0.0506276	0.0504897
x58	0.0108005	-0.0191701	0.0679252	0.115689	-0.000867394	-0.0492127	0.0722877	0.110918	-0.0360906	0.0472811	-0.0209102	-0.0478641	-0.0021599	-0.0304171	0.0549395	-0.0358819	0.174129	-0.0371311	-0.0824354	0.0419627	0.105417	0.0179209	-0.0422118	0.0108128	0.0315622	-0.0602525	0.0118563	-0.0373144	-0.0199108
y58	-0.0334992	-0.0796365	-0.0463344	0.0818378	-0.00737865	-0.0342912	-0.0455991	0.0450943	-0.0151474	0.0783366	-0.0314767	0.0106661	-0.0834619	0.0336155	-0.0419485	-0.0165144	0.0294225	0.0464118	-0.028516	0.0197573	-0.0962229	0.047213	-0.0963166	-0.0289757	-0.0544118	0.00688801	-0.106413	-0.0188656	0.0845472
z58	0.040917	-0.00391262	0.122013	0.139546	-0.00300614	0.110943	-0.0676104	0.0562431	0.130598	0.122517	0.0902513	0.0114657	-0.1912	0.0750953	0.0222599	0.103661	0.0700793	0.10311	-0.0496968	0.0107377	-0.0612989	-0.0928603	0.0275119	0.0346654	-0.0996292	0.129026	-0.0474723	-0.0671413	-0.0116108
x59	0.0056777	-0.0387539	0.0614414	0.0947996	-0.0242947	-0.0843655	0.120755	0.0992866	-0.0349878	0.0805758	-0.0167877	-0.0283638	0.0392966	-0.0665313	0.0612013	-0.0646166	0.131632	0.0252963	-0.0275347	0.00744287	0.11566	0.0410805	-0.0517993	0.0038955	0.0285051	-0.00885471	0.0199277	0.000211609	-0.0563571
y59	-0.0329749	-0.077431	-0.050321	0.0475333	0.00784004	-0.0400817	-0.0267743	0.034999	0.000881253	0.0680787	-0.0592478	-0.0108194	-0.0287591	-0.0267461	-0.0165517	-0.00741996	0.0017442	0.0643367	-0.0345124	-0.0122236	-0.0454229	0.0109237	-0.0737977	-0.0204656	-0.0177486	0.0119761	-0.0591012	-0.0127935	-0.0399561
z59	0.043028	-0.0123666	0.118743	0.133318	-0.0635991	0.0410439	-0.0023628	0.0712838	0.123292	0.0986113	0.044787	0.00275333	-0.113633	0.0165811	0.0338671	0.0347561	0.0507078	0.111685	-0.00440048	-0.0338302	-0.0466177	-0.0371659	-0.0752698	0.0381835	-0.0539886	0.0601257	0.01428	-0.080439	0.0176924
x60	-0.000259621	-0.0608874	0.0508984	0.0683066	-0.0225194	-0.0727114	0.131049	0.0739166	-0.0177907	0.0708238	-0.0170272	-0.000632883	0.0235331	-0.047725	0.0507677	-0.0431293	0.0825995	0.037263	0.00675689	0.0194632	0.0962474	-0.0137423	-0.027522	-0.0256532	-0.00202063	0.0478133	0.0650591	0.043833	0.0186237
y60	-0.0366847	-0.0612028	-0.0563353	0.035394	0.00678518	-0.0420233	-0.0189396	0.0172455	-0.0106236	0.0591477	-0.063988	-0.0264477	0.0260686	-0.0604129	0.00414981	-0.0325167	-0.0180199	0.0235221	-0.00674928	-0.0502713	0.0728656	-0.0114817	-0.103785	0.0357907	-0.00698189	0.0324287	-0.0917283	-0.0111966	-0.260117
z60	0.0571632	-0.0424519	0.0848704	0.0786332	-0.112815	-0.0201902	0.0949177	0.0528035	0.157846	0.0672693	-0.0139987	-0.00591177	-0.0274661	-0.100779	0.0492058	-0.0494483	-0.0221274	0.104368	0.0555255	-0.0267805	-0.0195762	0.000316415	-0.0476581	-0.00680298	0.0115245	0.0344825	0.0849808	-0.00055517	-0.0112286
x61	-0.00821577	-0.0788964	0.0611145	0.0149101	-0.0297635	-0.0738686	0.108572	0.0495809	-0.00492156	0.0467133	-0.0120414	0.0271472	0.0228039	-0.0239958	0.0210527	-0.00393218	0.0452361	0.014914	-0.0139818	0.00814971	0.0946392	-0.0591952	0.013712	-0.0549385	-0.0075776	0.0305353	0.0351902	0.0587261	-0.0993064
y61	-0.0398469	-0.0532189	-0.048764	0.0388973	-0.0192499	-0.0336985	-0.0143468	-0.0200098	-0.0186727	0.0295005	-0.0426822	-0.0519273	0.024959	-0.0753363	0.00308188	0.00254709	0.00435307	-0.0120893	-0.0425415	-0.0718097	0.130648	-0.0191544	-0.0513991	0.122494	-0.0502482	0.0995153	-0.103997	0.00962079	0.306905
z61	0.0803341	-0.0474825	0.0549981	-0.00974383	-0.10757	-0.0483152	0.0622346	0.0169673	0.143912	0.0145129	-0.063147	0.0268571	0.0269161	-0.0981618	0.0428721	-0.0742024	-0.0390189	0.025006	0.0908221	-0.0665023	0.0843756	-0.0188219	-0.0670274	-0.0539378	0.0567491	0.0356665	-0.0483835	0.0262227	0.010262
x62	-0.021929	-0.104426	0.0726734	-0.0285225	-0.0324083	-0.0791784	0.0749963	0.0134083	-0.00870775	-0.00775627	0.0010318	0.0467308	0.0125993	-0.0159915	0.00577758	0.0558219	0.00421065	-0.027944	-0.0385227	-0.0110934	0.116677	-0.0881107	0.0152146	-0.0234542	-0.0422491	-0.00147336	-0.0193782	0.0389672	0.0597856
y62	-0.0275806	-0.0366825	-0.0435328	0.0435355	-0.0541533	0.0202686	-0.00465116	-0.0159299	0.00406865	0.0118872	-0.0292154	-0.0477758	0.0204397	-0.0722471	-0.0054187	0.0159071	0.0436778	-0.00928301	-0.0349797	-0.0505916	0.0607213	0.00803155	-0.0553927	0.116321	-0.0166409	0.0825783	-0.0129597	0.0879378	-0.214927
z62	0.106214	-0.0420168	0.00755177	-0.0768812	-0.0892999	-0.061316	0.0411366	-0.0224032	0.107978	-0.0520086	-0.0566553	0.0589422	-0.0008557	0.00157239	0.00904146	-0.0609571	-0.0574501	-0.0537584	0.104712	-0.0547762	0.0538672	-0.0613646	-0.066072	-0.0177086	0.0623176	0.0210866	-0.0647594	-0.0170621	-0.0119521
x63	-0.0293756	-0.126911	0.09233	-0.0470531	-0.0430844	-0.0825218	0.0358117	-0.00229121	-0.0143099	-0.049977	0.0126904	0.0498815	0.0117325	-0.0190916	0.00722722	0.107536	-0.0458019	-0.0528995	-0.0731937	-0.0267459	0.109364	-0.0711264	-0.00441052	0.015282	-0.0733876	-0.0109846	-0.0226997	0.0399201	-0.0220019
y63	-0.033113	-0.0544971	-0.0541044	0.0348659	-0.0830969	0.0622566	-0.0129924	-0.0348478	0.0124338	-0.0130172	-0.0191031	-0.0456324	-0.00284085	-0.0393932	-0.0308779	-0.0403027	0.0475272	0.0447836	0.0199835	0.0126055	-0.011241	0.0132808	-0.0319676	0.0498109	0.0594035	0.0870239	0.0804448	0.0326686	-0.0447183
z63	0.133481	-0.0511722	-0.0439305	-0.10507	-0.0697013	-0.0552365	0.00381084	-0.0312055	0.0828613	-0.0984357	-0.0314384	0.0625772	-0.0282329	0.0572429	-0.00598319	-0.0720389	-0.0409509	-0.0460287	0.0971118	-0.00534816	0.0227666	-0.0505429	-0.0306079	0.0333692	-0.0102122	0.0397622	-0.00947382	-0.0473267	-0.00487066
x64	-0.0418207	-0.140086	0.0920897	-0.0573579	-0.0624707	-0.0785891	-0.00344636	-0.00615142	-0.0366853	-0.083485	0.0411971	0.0482841	0.0364936	0.0164987	-0.0033325	0.154919	-0.0890204	-0.0491841	-0.0978335	0.0026768	0.050593	-0.050581	-0.0228961	0.0265921	-0.065531	0.014467	0.0131122	0.0159613	-0.0664515
y64	-0.0359261	-0.0831578	-0.0380649	0.0386466	-0.0922375	0.102716	-0.00789606	-0.0725885	0.0379598	-0.0293289	-0.0385668	-0.0469671	-0.0581553	-0.0554125	-0.0573607	-0.0769926	0.0594552	0.0229588	0.0724478	-0.00805646	0.0157452	0.0262194	0.00150498	-0.00449789	0.0944811	0.029578	0.0437659	0.0333615	0.107838
z64	0.149065	-0.061154	-0.0945298	-0.0964105	-0.0537394	-0.0330199	-0.0137004	-0.0485808	0.0590342	-0.090325	-0.0101772	0.0543148	-0.0317785	0.085116	-0.063465	-0.0662121	-0.00164114	-0.0550585	0.0784694	0.0328331	0.0471809	-0.00426678	0.00508827	0.0194671	-0.020333	0.0333955	-0.0626224	-0.00276085	0.0184025
x65	-0.0430888	-0.159477	0.0878122	-0.0544688	-0.0781833	-0.0723881	-0.0434228	-0.0524754	-0.043721	-0.0947024	0.063043	0.0388053	0.0484901	0.024697	-0.0204712	0.138974	-0.0822686	-0.0321528	-0.0879953	0.0269985	-0.0103304	0.0110243	-0.0177754	-0.00564062	-0.0169699	0.00355973	0.0245983	-0.031565	-0.0761565
y65	-0.0548093	-0.107327	-0.0100878	0.0207923	-0.1014	0.134965	-0.0034523	-0.0827217	0.0523847	-0.0461034	-0.0574662	-0.0221772	-0.0813349	-0.0820801	-0.0633092	-0.0882313	0.0329111	0.00339365	0.0861832	-0.0271873	0.0180813	0.00444651	0.0178589	-0.0154133	0.0992682	-0.0199061	0.0505863	0.0476751	0.0286002
z65	0.150088	-0.0699938	-0.132921	-0.0850189	-0.0398091	-0.0351115	-0.0287837	-0.0836119	0.044497	-0.0552989	0.0176925	0.0672239	0.0207832	0.0699706	-0.0737905	-0.0546304	0.0272594	-0.0692046	0.006726	0.0597265	0.0363348	0.008743	0.0514267	0.0484573	0.016347	-0.00552076	-0.0625608	0.0371046	0.00201181
x66	-0.0347498	-0.17079	0.0763602	-0.0444846	-0.0664258	-0.0439148	-0.0973479	-0.102835	-0.0450448	-0.0484207	0.0469936	0.0381766	0.03895	0.0185479	-0.0288427	0.108596	-0.0906146	0.00342316	-0.0727852	0.0296177	0.0371595	0.0514455	0.026925	-0.0162783	0.018581	0.0563379	0.0495786	-0.0416303	-0.0828071
y66	-0.0787275	-0.130127	0.0411811	-0.00788488	-0.115963	0.143704	0.0229625	-0.0697239	0.0630403	-0.0899784	-0.0620198	0.0149933	-0.0769279	-0.0796222	-0.0418891	-0.0730248	-0.00794424	-0.0102937	0.0778365	-0.0599908	-0.0555535	-0.00136487	0.00443328	-0.0428104	0.0488573	-0.0998871	0.110443	-0.010662	-0.0863812
z66	0.132731	-0.0671637	-0.148672	-0.0753831	-0.0224703	-0.0795116	-0.0472644	-0.0850972	0.0292897	-0.0272634	0.00325982	0.0855522	0.0825969	0.00342927	-0.00698498	-0.019725	0.0258196	-0.078134	-0.138125	0.0530522	-0.00177007	0.013385	0.106448	0.0164563	0.00470088	-0.0472981	-0.00695351	-0.0758661	0.0114131
x67	-0.0382944	-0.0191981	-0.018411	0.00610658	0.065415	-0.0385454	-0.0311373	0.0544113	-0.00534166	0.0314748	-0.0255889	-0.0476026	0.0037134	8.68351e-005	-0.0410169	0.0326584	-0.0477704	0.0131158	-0.000541971	-0.0589435	-0.0064183	-0.0918739	0.0491248	-0.00710509	0.0199837	-0.0647864	-0.0563676	0.0174324	0.0273965
y67	0.00597919	-0.0565857	0.0745489	-0.0721871	0.152024	-0.0225098	-0.0708441	0.038365	-0.00722413	-0.00131247	-0.00881277	0.0144329	0.0456023	-0.020247	0.0571004	-0.0205118	0.0035243	0.0649325	0.0139121	0.0186442	-0.0168116	-0.0649573	0.0245067	0.0874317	0.0279931	-0.00309453	-0.00921067	0.0294135	0.0147686
z67	-0.112448	0.0456597	-0.000372092	-0.00915675	0.0217778	0.0394482	-0.0529807	-0.0450347	0.00643267	0.0720115	0.0521319	0.0133191	0.0362118	0.023644	0.028291	-0.0462183	0.0950056	0.0628871	0.0540438	-0.0295344	0.0538588	-0.0324628	-0.00370877	-0.0506498	-0.0248465	-0.021834	-0.0182202	-0.0198505	0.000184767
x68	-0.0433979	-0.0229453	-0.0473464	0.0170924	0.037992	-0.0448997	-0.022474	0.046726	0.0115266	-0.00594134	-0.0231586	-0.0452464	0.048118	-0.0285761	-0.0726487	0.0144583	-0.0108929	-0.048967	0.00959489	-0.0396422	0.0169643	-0.103084	-0.00535233	0.00321963	0.0135644	-0.0803567	-0.0520768	0.0115278	0.0348601
y68	0.0220994	-0.0106143	0.0494933	-0.0480604	0.115257	-0.0165473	-0.0748597	0.0379526	0.0119363	-0.0633562	-0.0250875	-0.0379453	0.0288632	-0.0320507	0.0335238	0.0661069	0.0354686	0.0371451	0.0181697	0.0282984	-0.0660701	-0.120533	-0.0510518	0.0477796	0.00360326	0.0536449	0.0152916	0.050046	-0.00647356
z68	-0.11013	0.046785	0.00537078	-0.0241079	0.0322825	0.0196656	-0.0370964	-0.0490631	0.00637305	0.0770544	0.0154442	0.0201716	0.0235603	-0.0262051	0.0422123	-0.0654171	0.0595407	0.0663565	0.0440012	-0.037264	0.0472609	0.0167883	0.00470263	-0.0146506	-0.0308346	-0.0331504	0.021459	0.0153367	-0.00976713
x69	-0.043731	-0.0376608	-0.0999896	0.0527109	0.00445864	-0.0363421	-0.0181498	0.0284107	0.0415029	0.00173044	0.0148796	-0.0191949	0.0502507	-0.0393923	0.00122108	-0.055288	-0.0318878	-0.0590392	-0.00743651	-0.0387051	-0.023838	-0.0389259	-0.0154846	0.0242627	0.0173199	-0.0338265	-0.0684103	-0.0137426	0.00777438
y69	0.0260059	0.0506519	0.00713483	0.0298852	0.0619156	-0.00451719	-0.0301661	0.0108731	-0.000835906	-0.140286	-0.00831296	-0.0400767	-0.00630158	-0.0353555	-0.00201471	0.0702912	0.0622012	0.0273081	0.0147884	0.0077062	-0.0137817	-0.0695203	-0.0926604	0.018777	-0.00241236	-0.00749392	-0.0136825	0.0463974	0.00206738
z69	-0.0858488	0.0513188	0.0190033	-0.0228008	0.0148285	0.00994769	-0.0275845	-0.0249194	-0.00942213	-0.00215496	-0.0230703	-0.0452352	0.0203542	-0.0440628	0.0430839	0.00789174	0.023205	0.05091	0.0587925	-0.00665279	0.00482039	0.016102	0.0447665	0.0322934	-0.0108647	0.0280511	0.0349267	-0.00845684	-0.00726771
x70	-0.0431618	-0.0475626	-0.117224	0.0507464	-0.013657	-0.0257198	-0.0341518	0.0249532	0.0482307	0.0349397	0.0268021	-0.0169851	0.036956	-0.05001	0.0254389	-0.0769072	-0.0434785	-0.0320469	0.0154607	0.00189584	-0.0396864	-0.0443478	-0.0128817	0.0422388	0.00916282	-0.0180604	-0.0493785	-0.0258304	0.00210267
y70	0.0133575	0.0634415	-0.000939419	0.0609371	0.0423383	0.0308615	0.0210836	-0.0120863	-0.00346793	-0.170449	0.0542474	-0.0226803	0.00584909	-0.0142215	0.0132333	0.0371186	0.0626987	0.0149963	0.0274299	-0.0101835	0.0253289	-0.00176024	-0.0319208	-0.0417849	-0.0120744	-0.0120455	-0.0176113	0.0194147	0.0389561
z70	-0.0783059	0.0465304	0.0159979	-0.00145171	0.00562136	0.0259035	0.00551034	-0.0104843	-0.00855156	-0.0175364	-0.00252475	-0.0477716	0.000230115	-0.0220613	0.0257038	0.0214103	0.00813179	0.0477256	0.0442282	-0.0245173	0.0164625	0.0572784	0.0693387	0.0492286	-0.0102672	-0.00177537	-0.0337735	-0.00512101	-0.0108891
x71	-0.0426481	-0.0533387	-0.122667	0.0431854	-0.0252354	-0.0103851	-0.0389804	0.0281281	0.0684149	0.0708943	0.0223163	-0.0189503	0.0308347	-0.0731172	0.0426356	-0.0730597	-0.0419448	-0.0051649	0.0295642	0.000125133	-0.0445831	-0.0377646	-0.0055626	0.0487632	-0.0116998	-0.00454136	-0.00951199	-0.0197389	-0.0389574
y71	-0.0025766	0.0812898	0.00749747	0.0940489	0.0271568	0.0883694	0.0657333	-0.0209654	0.013573	-0.238023	0.109377	-0.0405684	0.0308802	-0.011198	0.0361116	0.0224518	0.0237775	0.00301436	0.0517063	0.0248586	0.0562848	0.0629963	0.0786991	-0.138683	-0.0709503	-0.00143242	-0.0458745	-0.0180757	0.0186981
z71	-0.0722568	0.0356781	0.0143822	0.0182793	-0.0037215	0.0398227	0.014094	-0.00720649	-0.00818129	-0.0480973	0.0468773	-0.0531844	0.00844888	-0.00711542	-0.0240035	0.00942689	-0.016562	0.0194203	0.0183908	-0.0214114	0.0152816	0.0325487	0.077225	0.0566659	-0.00133567	-0.0299433	-0.144434	0.0381073	-0.00159251
x72	0.0590363	0.022268	0.0803296	-0.0539524	0.0168433	0.0651423	0.043834	-0.0136195	-0.0352775	-0.00139086	0.0741127	-0.036642	-0.0341856	-0.0667021	0.021603	0.0309966	0.00552045	0.0464712	0.00851094	0.0240722	-0.0682392	-0.0699983	0.0341499	-0.0209966	-0.0713168	-0.131501	-0.0535214	-0.037216	0.0243679
y72	0.00963174	-0.0146515	0.0439069	-0.0168159	0.0149845	-0.0581202	-0.0449489	0.0465788	0.0401776	-0.0312089	0.105553	-0.0857164	-0.0976249	-0.0203324	-0.0289869	-0.0591162	0.0326586	-0.0672586	0.0359547	0.0109197	0.0609936	0.0354917	0.0803517	0.0244496	0.107668	0.0617515	0.0264187	0.0149288	0.0340027
z72	-0.0845174	0.0164769	0.00890901	-0.00847146	0.0430526	0.00654177	0.00143272	-0.0574213	0.0290122	0.0199883	-0.0141564	0.00793843	0.0158292	-0.00458958	-0.0151395	0.0264908	0.0174454	-0.0376392	0.0362218	0.04097	-0.0573417	0.0184128	-0.0140798	-0.0585899	-0.0438965	-0.0665169	0.0360339	0.016701	-0.00847226
x73	0.054223	0.0241173	0.0999343	-0.0663826	-0.0032332	0.0548593	0.0217645	-0.0311702	-0.0908849	0.0252374	0.00733991	-0.104191	-0.0470912	-0.0142516	-0.0515724	-0.0586486	-0.0178219	-0.000173494	-0.0206681	-0.0119694	0.0639116	-0.0609674	-0.0222669	0.0103941	-0.0847831	0.0120516	-0.0125562	0.0855488	-0.0573773
y73	0.0534825	0.0538828	0.0239718	0.00537701	-0.0377166	-0.115436	-0.0313669	-0.0723245	0.0377637	-0.0171992	0.0172752	-0.105733	-0.0387416	-0.0394366	0.0459347	-0.0164845	-0.00413395	-0.0977692	0.00877933	0.0201185	0.0425224	-0.0740822	-0.0557049	0.0167461	0.00336195	-0.0267245	0.0515961	-0.0117323	0.0269905
z73	-0.060313	0.00783077	-0.00863829	-0.00205379	0.0393356	-0.0267873	0.00435362	-0.0324315	0.0355872	0.0111695	-0.011769	0.0659032	-0.0912193	0.056507	-0.0137268	-0.0394907	-0.058535	-0.0296758	-0.048152	0.00343349	-0.0144634	0.00583661	0.0137203	-0.0329011	-0.0199395	-0.0213393	-0.0443297	-0.00484296	0.013276
x74	0.0505506	0.00522857	0.0865154	-0.0655685	-0.014112	0.0485094	0.0220356	-0.0496538	-0.0994688	0.0271663	0.0199872	-0.122589	-0.000745672	-0.0142559	-0.0494756	-0.0520177	-0.0196534	-0.0193079	0.0288708	0.0201592	0.0100596	-0.052644	-0.0281913	0.0244556	-0.127323	-0.00323342	0.0177579	0.000671627	-0.00132424
y74	0.0655568	0.0379381	-0.00292972	0.00857297	-0.0244652	-0.0766702	0.0108975	-0.0691558	0.0467832	0.000292054	0.0383519	-0.0718577	-0.00970251	-0.0458236	0.131518	0.00348676	-0.0287426	-0.0819257	0.0258804	0.0137456	-0.00270952	-0.0883206	-0.0896427	0.00142802	-0.000960798	-0.0529317	0.0272749	-0.0266695	-0.0516599
z74	-0.0423726	0.00746091	-0.0199152	-0.0139746	0.00551512	-0.0397711	0.00670472	0.00520394	0.00482984	-0.0316186	-0.026865	0.0970814	-0.11386	0.0418332	0.00441904	-0.017664	-0.0324704	-0.0135375	-0.0577391	0.0591268	-0.0429614	-0.0481706	0.0148375	-0.0518414	0.0282543	-0.00979654	-0.0588175	0.0328518	0.0258875
x75	0.0382907	-0.000257679	0.058816	-0.0458617	-0.0259894	0.0383766	0.00699405	-0.0255308	-0.0980325	0.0151546	0.0153549	-0.0756464	0.00197045	-0.029739	-0.0421507	-0.0456365	-0.00778935	-0.0156481	-0.0118289	0.0389578	-0.0692672	-0.0127377	-0.0228759	0.0266812	-0.0860917	-0.0315229	0.0469751	-0.0537524	-0.000973826
y75	0.0743287	0.0249938	-0.0121128	-0.000571892	-0.02241	-0.0187211	-0.0108688	-0.0206976	0.0302968	0.0196401	0.0195525	0.00144087	-0.037831	-0.0154759	0.171666	0.0300733	-0.0314877	-0.0353349	0.0246476	0.00986306	0.0130362	-0.0602989	-0.0536934	0.0149623	0.014919	-0.0312791	0.0409402	-0.0429646	0.0563159
z75	-0.00229319	0.00679706	-0.0289347	-0.0517839	-0.0170727	-0.0360308	0.00199818	0.0322295	-0.0121899	-0.0381439	-0.00210578	0.102563	-0.0513027	-0.0277821	0.0483961	0.0579669	-0.0220137	-0.0291312	-0.0149012	0.0332197	-0.0576084	-0.120798	0.0145684	-0.000981454	0.00876548	0.0558921	-0.071476	0.0372724	0.013732
x76	0.0166595	-0.00223672	0.0296721	-0.01499	-0.0296054	0.0488999	-0.00722279	0.00767741	-0.0733457	0.000669761	0.0176757	-0.0316865	-0.0390969	-0.0337334	-0.0449094	-0.00839039	0.0365757	0.00538275	-0.0536971	0.0131889	-0.0777706	0.0430535	-0.00983585	0.00918545	-0.0667023	-0.00972679	0.0758759	-0.021645	-0.0246766
y76	0.0694297	0.0135948	-0.0164195	0.00393684	-0.0267275	-0.00389517	-0.0353653	-0.00971621	-0.017025	0.0316785	-0.0126794	0.0717129	-0.0417667	0.0922798	0.20659	0.0248848	-0.0784268	-0.00397167	0.0176502	-0.00622587	0.0522647	0.00496312	0.0419979	0.00680021	0.072794	-0.0745521	0.0434814	-0.0491859	-0.00697246
z76	0.0263124	0.0202696	-0.0402213	-0.0573927	-0.0536134	0.00223718	0.0414363	0.0542507	-0.0125496	-0.0072623	0.0533008	0.114758	0.0172064	-0.13334	0.0220736	0.0941113	-0.0315551	-0.0190872	-0.0127464	0.071309	-0.0297693	-0.0473956	0.0224783	0.0315184	0.00772616	-0.0262646	-0.0410281	0.018079	-0.0511815
x77	-0.0071116	0.0277571	-0.0765244	-0.0999578	0.0413575	0.0676722	-0.0280127	-0.0733103	0.0881946	0.0285037	-0.0109398	0.0253247	0.0608045	0.0653839	-0.051715	0.124936	-0.0818485	0.0484795	0.13363	-0.0924156	-0.128589	-0.00213391	0.0454042	0.0321059	-0.0351913	0.0682132	0.0921867	0.0982691	0.0105968
y77	-0.031175	-0.0832276	-0.0582873	0.0978711	0.00862382	-0.0643737	-0.0342512	0.0357014	-0.108001	0.0434882	0.0452534	0.00813187	-0.0904487	0.0479772	-0.0347633	0.0186191	-0.0258356	-0.041249	0.00499716	-0.0221692	-0.0280648	0.00468527	0.036203	-0.101459	-0.00714551	0.0540416	-0.0225435	0.000596999	-0.101849
z77	0.00636066	-0.0119889	0.123551	0.128566	0.0020457	0.0258044	-0.0587729	0.12615	-0.0319165	-0.0192016	0.038649	0.0516456	-0.0296961	-0.0102074	-0.00880004	0.0639281	-0.0543806	-0.059988	-0.126737	0.0733832	-0.0758699	0.000117922	0.0894861	0.0446368	-0.00117794	-0.0172451	0.0573325	0.0216646	0.0311586
x78	0.000676993	0.0490775	-0.0819165	-0.0937102	0.0571828	0.0571461	-0.0696838	-0.0498216	0.0846957	0.000135122	-0.00553085	0.00540746	0.055929	0.0930981	-0.0512061	0.103923	-0.00643207	0.00311909	0.0729385	-0.0187266	-0.0586718	-0.0387795	0.117719	0.0435137	0.028211	0.0558367	0.069124	0.10659	0.0531636
y78	-0.0323158	-0.0767702	-0.0692245	0.0662952	0.0174474	-0.0684715	-0.0262446	0.0179951	-0.0918884	0.0498672	0.00228328	-0.0201775	-0.0404455	0.0187181	-0.0302489	0.0266154	-0.0385431	0.0053593	-0.00141031	-0.0302865	0.0451937	-0.0189737	0.0347996	-0.115009	0.0256704	0.0589267	-0.0144203	-0.0482939	-0.11266
z78	0.0320575	-0.0194906	0.123936	0.151031	-0.036258	0.0388954	0.0283676	0.100538	-0.0321187	-0.00871531	0.0181703	0.00548853	-0.0721216	0.00598201	0.0203096	0.0581127	-0.0490423	-0.0135249	-0.0924421	0.0208894	-0.080976	0.0727457	0.0165616	0.103593	-0.0683431	-0.00908968	0.0457937	-0.018402	0.0274402
x79	0.0125493	0.0724579	-0.0774757	-0.0566601	0.0504102	0.0406981	-0.0759918	-0.0353128	0.0807705	0.0144013	0.00432096	0.00215803	0.0533596	0.0418268	-0.0376381	0.0881027	0.0155462	-0.00677109	0.0233155	0.0196455	-0.00401766	0.050762	0.0890424	0.0406747	0.0630364	-0.00921272	0.00409186	0.079801	0.0160858
y79	-0.0351944	-0.06271	-0.072807	0.0579774	0.0112797	-0.0588089	-0.0328616	0.00179731	-0.0984847	0.0328583	-0.0142925	-0.0656634	-0.00527426	0.00199301	0.00210701	0.0382147	-0.0966066	0.0259596	-0.021274	-0.0739129	0.102305	-0.00591421	0.008578	-0.0564793	0.021805	0.0466573	-0.0279256	-0.0522022	-0.220762
z79	0.0525606	-0.0349574	0.0881123	0.11027	-0.0793032	0.00716416	0.122146	0.078569	-0.0396241	-0.0186904	-0.0754043	0.000260226	0.0425867	-0.0700526	0.0219003	0.00154246	-0.125725	-0.0108296	-0.0724219	-0.0551719	-0.0297984	0.120369	0.02419	0.0416769	-0.0299885	-0.0408657	0.0684493	0.0426935	0.0278525
x80	0.0226598	0.093914	-0.0709983	0.00772807	0.0484048	0.033307	-0.0595753	-0.0367611	0.0708993	0.0134549	0.0145342	0.0241475	0.0275152	0.013632	-0.0203787	0.0812864	-0.0132353	-0.0179646	0.0297694	0.0526232	0.0322353	0.0932115	0.0496725	0.044782	0.0478997	-0.0231994	-0.0131743	0.0481236	0.00390619
y80	-0.0417889	-0.0619248	-0.0669715	0.0657616	-0.0250615	-0.0466709	-0.0375299	-0.0333252	-0.105312	0.0364748	-0.0143824	-0.0738319	0.0211058	-0.0586412	-0.00996083	0.0678016	-0.0799277	0.0199286	-0.0822959	-0.0699183	0.0824925	-0.00890943	0.0867947	0.029696	0.0208218	0.074826	0.0119688	-0.0778472	0.293152
z80	0.075653	-0.0332793	0.0273295	0.0218373	-0.0745598	-0.00332329	0.0955322	0.0633209	-0.07039	0.00218317	-0.11147	-0.00191747	0.0774874	-0.00787645	-0.00961266	-0.0397257	-0.109614	0.00170318	-0.0113045	-0.100405	-0.0331873	0.0656118	-0.0184801	-0.0209158	0.0100945	-0.0312608	0.0400431	0.0206026	-0.00923008
x81	0.0366661	0.120387	-0.06316	0.0466507	0.0386262	0.036977	-0.0356325	-0.0145008	0.0731155	0.0363115	0.0115327	0.0424874	0.014875	0.00271344	-0.00440435	0.0586887	-0.0565874	-0.0284715	0.0270078	0.0663718	0.0235973	0.102642	0.0386817	-0.00197504	0.0263953	-0.0205627	0.0166196	0.00854329	-0.0971878
y81	-0.030142	-0.0396944	-0.0577303	0.074302	-0.0499616	0.0182307	-0.0217009	-0.0335925	-0.064939	0.0488993	-0.00942409	-0.0372671	0.0419771	-0.0268358	0.0130819	0.104126	-0.0644608	0.0128816	-0.0456913	-0.0250585	0.0637674	0.0223342	0.0649966	0.00127484	0.0560343	0.0443702	0.0887663	-0.0639902	0.0365376
z81	0.095789	-0.0292502	-0.0312432	-0.0328383	-0.0131633	0.0293618	0.0645005	0.0634848	-0.129777	-0.0316206	-0.0951794	-0.0471034	0.0492011	0.0747895	-0.0160472	-0.0364158	-0.0563796	-0.0269313	0.0720282	-0.106184	-0.0466375	0.037274	0.0271388	0.0252297	0.0492826	-0.0735651	-0.0173373	-0.0291529	-0.0298584
x82	0.0417159	0.139481	-0.0635935	0.0640286	0.0414284	0.0461883	-0.0184519	-0.00589984	0.0788174	0.0505983	-0.00275128	0.0593989	0.00062927	0.0166618	-0.00932899	0.0337379	-0.071659	-0.027759	0.0124202	0.0710657	0.0129012	0.0683563	0.010146	-0.0335453	-0.0266974	0.00539749	0.0172247	-0.0075686	-0.11749
y82	-0.0381555	-0.047322	-0.0476135	0.057104	-0.0750486	0.069576	-0.0106196	-0.0443467	-0.0429751	0.0213382	-0.0129983	-0.0489615	0.0484984	0.0272682	0.00904828	0.10623	-0.0469846	0.00898482	-0.0507994	0.0388702	0.00184112	0.00540704	0.0587235	-0.00116808	0.00213188	0.0228291	0.0797696	-0.00277069	-0.188095
z82	0.111619	-0.0221462	-0.086429	-0.0644414	-0.000298505	0.0381648	0.0463612	0.0637921	-0.167696	-0.0503337	-0.0483607	-0.0943156	0.016551	0.0925506	-0.0045031	0.00262591	0.0172287	-0.0261181	0.0790871	-0.0565862	-0.0162451	0.00747203	0.0442948	-0.0107288	0.0568327	-0.0533115	-0.0340137	0.0127276	-0.0262081
x83	0.0482112	0.150462	-0.0576726	0.075269	0.0636272	0.046822	0.00884054	0.00560283	0.0974214	0.0789697	-0.0231876	0.0819244	-0.0105771	0.00462724	-0.0106774	0.00418802	-0.0824671	-0.0381662	-0.0123094	0.0434212	0.0421572	0.0190215	-0.0162737	-0.0822489	-0.0682239	-0.00267083	-0.010612	0.0122169	-0.0158124
y83	-0.0412811	-0.0669236	-0.0179228	0.0460117	-0.0806084	0.104669	0.015377	-0.0473291	0.0154685	0.035987	-0.0362278	-0.022431	0.0571521	0.0260467	0.00492555	0.112394	-0.0119565	0.00739947	-0.0626403	0.0517935	0.0241616	-0.036776	0.0279242	-0.010744	-0.0240722	-0.00707844	-6.42113e-005	0.0844518	-0.0155922
z83	0.126166	-0.0225556	-0.116927	-0.0822692	-0.00478916	0.0433065	0.0181356	0.0657051	-0.149583	-0.0453473	-0.0274161	-0.0891575	-0.00412722	0.0583524	-0.00348517	0.0586788	0.100276	0.0239574	0.0857326	0.00121181	0.0551514	-0.0127921	0.0251678	-0.0194423	0.0777601	0.0046862	-0.0625376	0.0229188	-0.00638821
x84	0.0562181	0.16186	-0.0546224	0.0709507	0.0798339	0.0393157	0.0336956	0.0351757	0.107481	0.0820273	-0.0597493	0.092217	-0.00683588	0.0296809	-0.0171068	-0.0226644	-0.0524738	-0.062241	-0.00617225	0.0151153	0.0815641	-0.00619656	-0.035597	-0.0772694	-0.0571803	0.0469582	-0.0265837	-0.0656743	-0.069827
y84	-0.0530734	-0.095138	0.0213297	0.0175268	-0.084248	0.123485	0.0436774	-0.0601599	0.0663877	0.0419086	-0.0780119	0.0368413	0.103768	0.0447961	0.012643	0.0818672	0.0246823	7.76544e-005	-0.0420232	0.0747314	0.0627772	-0.0460764	0.0234951	-0.00107775	-0.0413672	-0.0364881	0.00326186	0.0472149	-0.0183186
z84	0.11899	-0.0331752	-0.141292	-0.0847037	-0.00330827	0.0281246	-0.0172358	0.023126	-0.119684	-0.0259228	-0.00163462	-0.067266	-3.34386e-005	0.0241249	-0.00478223	0.0725818	0.133988	0.0958728	0.0535845	0.105624	0.0932705	0.00257484	-0.00194378	-0.0571877	-0.00237487	0.0321981	0.00313968	0.0344344	0.00987681
x85	0.0499532	0.164707	-0.0486167	0.0587498	0.0764331	-0.000689996	0.0575394	0.083103	0.102427	0.0475235	-0.0565917	0.0505507	-0.00396625	0.0516193	-0.0166038	-0.0249013	-0.0185299	-0.0797574	-0.0272162	0.0192543	0.0553428	-0.0119815	-0.0461897	-0.0609417	-0.0208745	0.0420848	-0.0144097	-0.108099	-0.0696445
y85	-0.0673688	-0.125641	0.0722716	-0.0110994	-0.091046	0.131422	0.0836434	-0.0632626	0.0998451	0.0247635	-0.0948607	0.0558363	0.129192	0.0852111	0.0429928	0.0546641	0.0607308	-0.0126812	-0.0319286	0.0807461	0.0480567	-0.0544452	0.0166822	0.0154985	-0.056657	-0.0936829	-0.0151196	-0.0105609	0.0860431
z85	0.0906505	-0.0313366	-0.154756	-0.0956007	0.00654623	-0.0213213	-0.0683308	-0.0290049	-0.0900338	-0.0325142	0.0254746	-0.0276098	0.0304354	-0.0520784	0.0264565	0.0538804	0.0979178	0.121525	-0.0296395	0.11941	0.0539005	0.0353605	-0.0366986	-0.0510451	-0.0750021	0.0183773	0.0454126	0.0265389	0.0203501
x86	0.0307302	0.00919432	0.0426235	-0.0212245	-0.0519795	0.0327545	0.0279681	-0.0488479	-0.0263193	-0.0320557	0.0397067	0.0305849	-0.00507638	-0.0332209	0.0315574	0.0129289	-0.00931698	-0.00199232	0.0617194	0.0538416	-0.0425428	0.058267	-0.0195111	0.0480062	0.0139546	0.00745969	-0.0461254	-0.0197698	0.0173136
y86	0.00202158	-0.0441126	0.0747323	-0.0515121	0.168909	-0.00205315	-0.0587822	0.0399962	0.0144521	-0.0408675	-0.0369152	0.0338842	0.00681316	-0.0327736	0.00108956	-0.0569242	-0.0981128	0.0919097	-0.0173202	0.043027	0.00994158	-0.0459018	0.0457553	0.0711142	0.0121395	0.0360096	0.0350033	-0.0135913	0.0219713
z86	-0.115521	0.0236131	0.0191383	0.000541862	0.0129253	0.0278314	-0.0336665	-0.0281873	-0.0145385	0.0577995	-0.00447737	0.0142963	0.0378936	0.0709013	0.0184885	-0.0184541	0.0359922	-0.0261798	0.066613	0.0283149	0.0018224	0.0438963	-0.0103746	0.00970259	-0.0181939	0.000517369	0.0385963	-0.0410187	-0.00498822
x87	0.033649	0.01463	0.0664017	-0.0338379	-0.0230652	0.0602554	0.0162215	-0.0241768	-0.0387207	-0.0136314	-0.00274853	0.0144091	-0.0299502	0.0465695	0.0282408	0.029345	-0.0442248	0.0522094	0.0465313	0.0525739	-0.0667056	-0.00847176	-0.0212167	0.0345756	-0.0475728	0.0269327	-0.042991	-0.0236135	0.00814227
y87	0.0216763	0.0101304	0.0253374	-0.0235441	0.120346	-0.0191928	-0.0355509	0.0323201	0.0448473	-0.0467192	-0.0307252	0.00320949	-0.0285835	-0.108333	0.0163651	-0.00349221	-0.0554326	0.113022	-0.0673489	-0.00791348	-0.0310961	-0.0758895	0.0435869	0.0464108	0.0237286	0.040797	0.00222975	-0.0214006	-0.00959959
z87	-0.111672	0.0272152	0.0280277	-0.0147957	0.00704165	0.0133764	-0.0348021	-0.0357897	0.00323155	0.0535268	-0.0267781	0.018813	0.0252539	0.0375492	0.0117812	-0.073854	0.0344513	-0.0288245	0.0641825	0.0282853	-0.0103511	0.0381353	0.0177457	0.00163404	-0.0106698	0.0119063	0.0546606	-0.0127292	0.000651386
x88	0.0363939	0.0383265	0.103754	-0.0710094	-0.0127881	0.0593027	0.00335407	-0.0318556	-0.0296414	-0.0301784	-0.0451525	0.00900204	-0.0598599	0.052464	-0.0021468	0.0239416	0.0388411	0.0569123	0.0335596	-0.00640003	-0.0373437	-0.025041	-0.0153878	-0.00567074	-0.00129667	0.0147864	-0.0631135	-0.020062	0.00748581
y88	0.0246842	0.0669539	-0.0118442	0.0429238	0.0842645	-0.0220177	0.006494	0.00117071	0.0422322	-0.096875	-0.0405342	0.0112011	-0.0236188	-0.0944536	-0.00984134	0.0373727	0.00787303	0.0640923	-0.059143	-0.0387442	0.00673219	-0.0499505	0.0174669	0.0233352	0.00604447	-0.0142655	-0.0230386	-0.0113593	0.00149563
z88	-0.0839444	0.0398189	0.0165795	-0.00282167	0.00121116	-0.0134003	-0.0438572	-0.0203321	0.0319884	-0.0149245	-0.030521	-0.0193598	0.00202819	-0.00171835	0.0111423	-0.0598838	0.0132593	0.0298944	0.00456902	0.0496949	-0.0356044	0.0472768	0.0969772	0.0358918	0.0131237	0.0503162	0.0418022	-0.103366	-0.0323044
x89	0.0366336	0.0447852	0.115709	-0.0775433	-0.00301127	0.0426674	0.0062907	-0.039766	-0.00870301	-0.0482648	-0.040066	0.01816	-0.069476	0.0513018	-0.00376039	0.0324147	0.0386732	0.0462034	0.00935879	-0.0266554	0.0107186	0.00732665	-0.0134055	-0.0253425	0.0425543	0.0199907	-0.0581326	-0.00207299	0.00732893
y89	0.00900093	0.0742385	-0.00662309	0.0760014	0.0841057	0.0114972	0.0288453	-0.0107565	0.0332673	-0.123002	-0.0378632	-0.0012669	0.0136963	-0.0426477	-0.000806858	0.0462587	-0.0173973	0.0131335	-0.00951434	-0.0348874	0.0488809	-0.0242614	0.0116164	0.00427618	-0.0321023	-0.0204689	-0.0117121	-0.0123455	0.0115581
z89	-0.0757488	0.0351595	0.0145933	0.0149349	-0.00476554	-0.00899851	-0.0247257	-0.0290096	0.0334845	-0.0303888	-0.0191703	-0.019051	0.00195781	0.00484672	-0.0189648	-0.0465915	0.00119166	0.0253505	0.00412512	0.0501147	-0.0218459	0.0527816	0.0601553	0.0527216	-0.00808699	0.038034	0.00540553	-0.119222	0.00754869
x90	0.0398303	0.0437585	0.118364	-0.0687666	0.00124583	0.0190981	0.00917269	-0.0481096	0.00777481	-0.0691535	-0.0305775	0.0183625	-0.0663969	0.0393535	0.010757	0.0181331	0.0222918	0.0540189	-0.0150676	-0.0237494	0.0293075	0.0268818	-0.0236476	-0.0461509	0.091926	0.01995	-0.0369216	-0.00655861	0.0584221
y90	-0.00761341	0.0879067	-0.00618324	0.119073	0.0760005	0.0486198	0.0373918	-0.0298588	0.0301672	-0.156735	-0.0275429	-0.0387707	0.0424992	-0.0315954	0.0147238	0.048999	-0.0827743	-0.0256429	0.0237889	-0.0224372	0.0860284	-0.0150158	-0.0107359	0.014931	-0.0661529	-0.015468	-0.0364711	-0.0811261	0.0231393
z90	-0.0708076	0.0262735	0.011517	0.028002	-0.0264926	-0.013306	-0.0324817	-0.0282463	0.045926	-0.0351209	0.00683187	-0.00137078	0.00536708	0.0190801	-0.0448227	-0.049687	-0.018733	0.00693577	-0.00496761	0.034994	-0.0248073	0.0210269	0.0367453	0.0297684	0.0185136	0.028125	-0.0482687	-0.132166	-0.0428193
